pair: close=2026-07-14  T=2026-07-15
quote_sources: IRS has_as_of=True (latest 2026-07-15), Credit has_as_of=False (latest 2026-07-14)
id                                    npv_prev             npv_T           theta             mtm          cash     resid_raw    resid_cash
00000/KRW/170427-270427/1.9    -110,110,224.06   -108,088,627.58      489,555.67    1,532,040.82          0.00        0.0000        0.0000
00000/KRW/220728-270728/3.1      39,615,661.16     37,325,754.39     -211,947.63   -2,077,959.14          0.00        0.0000        0.0000
00000/KRW/230508-280508/3.0    -127,539,065.06   -121,623,303.91      292,782.33    5,622,978.83          0.00        0.0000        0.0000
00000/KRW/230509-280509/3.0    -126,103,887.00   -120,174,592.11      290,596.38    5,638,698.51          0.00        0.0000        0.0000
00001/KRW/231024-261026/4.0      32,022,720.62     31,840,752.61     -255,854.02       73,886.01          0.00        0.0000        0.0000
00002/KRW/240329-260331/3.3               0.00              0.00            0.00            0.00          0.00        0.0000        0.0000
00000/KRW/241119-260519/3.0               0.00              0.00            0.00            0.00          0.00        0.0000        0.0000
00001/KRW/241212-261214/2.6      19,118,541.37     18,336,597.21     -232,094.79     -549,849.37          0.00        0.0000        0.0000
00000/KRW/250331-260331/2.7               0.00              0.00            0.00            0.00          0.00        0.0000        0.0000
00000/KRW/250411-270412/2.3     -68,992,519.58    -67,203,054.02      333,175.07    1,456,290.49          0.00        0.0000        0.0000
00001/KRW/250425-261026/2.3     -49,675,781.72    -48,830,221.43      624,857.31      220,702.98          0.00        0.0000        0.0000
00000/KRW/250507-270507/2.2    -176,922,932.00   -172,928,597.17      821,118.75    3,173,216.08          0.00        0.0000        0.0000
00002/KRW/250905-280905/2.4     890,842,277.97    868,718,177.28   -1,270,915.50  -20,853,185.19          0.00        0.0000        0.0000
00002/KRW/251017-271018/2.4     136,598,602.91    133,251,071.18     -427,533.25   -2,919,998.48          0.00        0.0000        0.0000
00001/KRW/251030-260430/2.5               0.00              0.00            0.00            0.00          0.00        0.0000        0.0000
00000/KRW/251113-261113/2.7     -84,808,394.41    -81,304,985.88    1,344,135.39    2,159,273.14          0.00        0.0000        0.0000
00000/KRW/251118-281120/2.9    -442,608,362.55   -427,253,930.83      591,981.58   14,762,450.13          0.00        0.0000        0.0000
00000/KRW/251119-271119/2.8    -109,153,078.49   -105,494,493.65      363,851.64    3,294,733.20          0.00        0.0000        0.0000
00002/KRW/251202-261202/2.8     -13,698,906.34    -12,611,802.47      272,183.69      814,920.18          0.00        0.0000        0.0000
00001/KRW/251209-271209/2.9    -310,845,315.86   -299,109,049.26    1,122,017.94   10,614,248.66          0.00        0.0000        0.0000
00002/KRW/251212-261214/2.8     -47,901,956.94    -44,301,088.18      850,267.74    2,750,601.02          0.00        0.0000        0.0000
00003/KRW/251212-261214/2.8     -47,901,956.94    -44,301,088.18      850,267.74    2,750,601.02          0.00        0.0000        0.0000
00000/KRW/251216-281218/3.1    -370,502,529.40   -354,875,022.38      560,653.56   15,066,853.46          0.00        0.0000        0.0000
00000/KRW/251217-281218/3.0     995,738,292.33    956,621,620.08   -1,476,197.91  -37,640,474.35          0.00        0.0000        0.0000
00002/KRW/260106-310106/3.1    -353,197,311.72   -342,428,408.18      243,707.65   10,525,195.89          0.00        0.0000        0.0000
00000/KRW/260106-280106/2.9     684,565,851.92    658,854,415.99   -2,376,432.85  -23,335,003.08          0.00        0.0000        0.0000
00000/KRW/260107-270107/2.7    -183,803,079.99   -172,681,533.64    2,267,060.02    8,854,486.34          0.00        0.0000        0.0000
00000/KRW/260109-280110/2.8   1,153,441,582.53  1,111,739,936.20   -3,881,304.79  -37,820,341.54          0.00        0.0000        0.0000
00001/KRW/260109-280110/2.8     357,190,683.51    344,164,126.42   -1,207,085.60  -11,819,471.49          0.00        0.0000        0.0000
00000/KRW/260114-290115/3.0     203,232,860.79    195,377,088.21   -6,185,670.07   -7,653,664.16 -5,983,561.645,983,561.6438        0.0000
00000/KRW/260115-270115/2.8     168,629,757.08    155,803,656.55   -2,977,995.91   -9,848,104.62          0.00        0.0000        0.0000
00000/KRW/260116-310116/3.3    -565,296,944.30   -545,363,850.63      348,326.60   19,584,767.07          0.00        0.0000        0.0000
00000/KRW/260116-270118/2.8     296,217,879.47    272,807,250.58   -3,169,379.99  -20,241,248.91          0.00        0.0000        0.0000
00001/KRW/260119-261019/2.7     -34,375,126.16    -33,275,864.55      813,055.72      286,205.89          0.00        0.0000        0.0000
00003/KRW/260121-310121/3.3     272,521,576.51    261,728,750.71     -169,796.46  -10,623,029.34          0.00        0.0000        0.0000
00000/KRW/260123-270125/2.8    -108,945,790.39   -101,602,396.88    1,047,392.52    6,296,001.00          0.00        0.0000        0.0000
00000/KRW/260127-290129/3.1     370,666,560.45    354,718,844.40     -488,857.54  -15,458,858.51          0.00        0.0000        0.0000
00000/KRW/260127-270127/2.8     -50,414,222.22    -46,729,888.21      504,008.56    3,180,325.45          0.00        0.0000        0.0000
00001/KRW/260129-310129/3.2     324,680,702.54    313,870,307.60     -197,782.95  -10,612,611.99          0.00        0.0000        0.0000
00002/KRW/260129-310129/3.2     649,361,405.07    627,740,615.20     -395,565.89  -21,225,223.97          0.00        0.0000        0.0000
00000/KRW/260203-280203/3.0    -190,709,735.95   -181,681,655.38      504,932.17    8,523,148.39          0.00        0.0000        0.0000
00000/KRW/260204-310204/3.4     243,287,024.51    233,321,735.71     -149,001.55   -9,816,287.25          0.00        0.0000        0.0000
00004/KRW/260212-280214/3.0    -196,427,441.21   -187,093,498.71      513,030.81    8,820,911.69          0.00        0.0000        0.0000
00000/KRW/260213-270215/2.9     -32,055,203.43    -29,393,111.53      338,809.74    2,323,282.16          0.00        0.0000        0.0000
00000/KRW/260223-280223/3.0    -103,995,210.26    -99,196,518.27      265,534.07    4,533,157.91          0.00        0.0000        0.0000
00000/KRW/260224-290226/3.2    -179,792,550.21   -171,702,397.31      236,192.61    7,853,960.28          0.00        0.0000        0.0000
00002/KRW/260225-280225/3.1    -495,215,980.41   -471,119,555.97    1,286,554.55   22,809,869.89          0.00        0.0000        0.0000
00000/KRW/260305-270305/2.9     157,023,754.82    142,585,833.63   -1,859,654.94  -12,578,266.26          0.00        0.0000        0.0000
00000/KRW/260306-280306/3.1     451,327,378.22    426,507,006.00   -1,300,538.09  -23,519,834.14          0.00        0.0000        0.0000
00000/KRW/260309-310310/3.4    -493,565,458.20   -473,312,459.28      332,976.93   19,920,021.99          0.00        0.0000        0.0000
00000/KRW/260312-270312/2.9     -97,518,631.71    -89,975,680.38    1,067,987.75    6,474,963.58          0.00        0.0000        0.0000
00001/KRW/260312-270312/2.9     -97,518,631.71    -89,975,680.38    1,067,987.75    6,474,963.58          0.00        0.0000        0.0000
00000/KRW/260313-360313/3.5     447,507,369.89    437,219,231.25     -129,670.77  -10,158,467.88          0.00        0.0000        0.0000
00000/KRW/260316-290316/3.4     367,644,657.35    343,159,561.41     -621,952.41  -23,863,143.53          0.00        0.0000        0.0000
00000/KRW/260318-270920/3.1     177,105,755.73    165,580,723.40   -1,022,064.97  -10,502,967.37          0.00        0.0000        0.0000
00001/KRW/230222-280222/3.5     -29,247,414.26    -24,569,749.85      142,662.57    4,535,001.84          0.00        0.0000        0.0000
00001/KRW/241017-291017/2.8     340,883,193.59    331,815,788.55     -292,548.49   -8,774,856.55          0.00        0.0000        0.0000
00000/KRW/241212-261214/2.6      38,237,082.75     36,673,194.42     -464,189.58   -1,099,698.75          0.00        0.0000        0.0000
00001/KRW/250109-260709/2.6               0.00              0.00            0.00            0.00          0.00        0.0000        0.0000
00001/KRW/250508-280508/2.1     281,841,563.21    275,741,469.98     -516,286.16   -5,583,807.06          0.00        0.0000        0.0000
00000/KRW/250515-261116/2.3    -137,074,163.54   -133,993,020.79    1,525,268.82    1,555,873.93          0.00        0.0000        0.0000
00005/KRW/250528-260528/2.3               0.00              0.00            0.00            0.00          0.00        0.0000        0.0000
00001/KRW/250902-270902/2.3    -131,278,582.68   -128,411,093.55      442,642.96    2,424,846.16          0.00        0.0000        0.0000
00001/KRW/250903-270903/2.3    -131,999,671.97   -129,120,662.23      443,943.00    2,435,066.74          0.00        0.0000        0.0000
00000/KRW/250904-350904/2.7  -1,097,963,723.07 -1,087,603,335.36      282,265.74   10,078,121.97          0.00        0.0000        0.0000
00000/KRW/250905-270906/2.3     390,779,022.68    382,049,404.35   -1,330,507.58   -7,399,110.74          0.00        0.0000        0.0000
00001/KRW/250917-280918/2.3    -625,597,974.80   -610,660,505.04      900,649.25   14,036,820.52          0.00        0.0000        0.0000
00001/KRW/251030-270430/2.5     177,272,347.08    171,665,023.22     -950,543.37   -4,656,780.50          0.00        0.0000        0.0000
00000/KRW/251106-281106/2.6    -527,113,762.15   -511,831,094.48      692,467.55   14,590,200.11          0.00        0.0000        0.0000
00000/KRW/251110-281110/2.7    -247,200,363.26   -239,552,128.02      326,874.08    7,321,361.16          0.00        0.0000        0.0000
00001/KRW/251110-281110/2.7    -247,200,363.26   -239,552,128.02      326,874.08    7,321,361.16          0.00        0.0000        0.0000
00002/KRW/251128-261130/2.7     -45,032,776.36    -42,379,322.65      727,225.72    1,926,227.98          0.00        0.0000        0.0000
00000/KRW/251208-260608/2.7               0.00              0.00            0.00            0.00          0.00        0.0000        0.0000
00000/KRW/251211-260911/2.8      -8,553,693.19     -8,408,712.93      144,980.26            0.00          0.00        0.0000        0.0000
00001/KRW/251212-261214/2.8     -42,198,522.07    -38,634,551.61      813,184.22    2,750,786.24          0.00        0.0000        0.0000
00001/KRW/251219-260619/2.7               0.00              0.00            0.00            0.00          0.00        0.0000        0.0000
00000/KRW/251219-271220/2.9    -327,582,756.96   -315,395,850.27    1,165,337.27   11,021,569.42          0.00        0.0000        0.0000
00000/KRW/260108-270108/2.7     -90,640,544.50    -85,017,448.44    1,119,707.31    4,503,388.75          0.00        0.0000        0.0000
00000/KRW/260109-310109/3.1  -1,513,189,211.91 -1,470,097,772.74    1,019,132.02   42,072,307.14          0.00        0.0000        0.0000
00000/KRW/260109-270709/2.7     324,335,939.37    312,993,232.31   -1,738,021.47   -9,604,685.59          0.00        0.0000        0.0000
00005/KRW/260113-270113/2.7      84,805,813.21     79,203,976.32     -702,802.52   -4,899,034.37          0.00        0.0000        0.0000
00006/KRW/260113-270113/2.7      76,325,231.89     71,283,578.69     -632,522.27   -4,409,130.93          0.00        0.0000        0.0000
00003/KRW/260114-270114/2.7      67,268,268.22     62,913,066.72    2,078,199.40   -3,940,250.22  2,493,150.68-2,493,150.6849        0.0000
00000/KRW/260120-290122/3.2     170,429,688.90    162,493,205.39     -232,579.69   -7,703,903.82          0.00        0.0000        0.0000
00000/KRW/260129-360131/3.4    -579,543,068.23   -569,251,147.54      134,002.06   10,157,918.63          0.00        0.0000        0.0000
00000/KRW/260204-290205/3.2    -158,383,949.42   -150,396,144.05      216,558.81    7,771,246.55          0.00        0.0000        0.0000
00000/KRW/260205-270205/2.8      46,736,021.82     42,918,575.05     -492,554.02   -3,324,892.74          0.00        0.0000        0.0000
00002/KRW/260206-270210/2.8     -82,218,785.54    -75,696,314.75      847,402.05    5,675,068.74          0.00        0.0000        0.0000
00003/KRW/260206-270210/2.9     -46,763,847.09    -42,862,245.50      496,411.13    3,405,190.46          0.00        0.0000        0.0000
00003/KRW/260212-280214/3.0    -294,641,161.82   -280,640,248.06      769,546.21   13,231,367.54          0.00        0.0000        0.0000
00000/KRW/260219-280221/3.0    -102,383,161.43    -97,614,300.91      262,893.48    4,505,967.04          0.00        0.0000        0.0000
00000/KRW/260225-280225/3.1     -99,043,196.08    -94,223,911.19      257,310.91    4,561,973.98          0.00        0.0000        0.0000
00001/KRW/260225-280225/3.1    -396,172,784.33   -376,895,644.78    1,029,243.64   18,247,895.92          0.00        0.0000        0.0000
00001/KRW/260305-280306/3.1     272,791,065.66    257,903,389.66     -775,962.84  -14,111,713.17          0.00        0.0000        0.0000
00001/KRW/260306-280306/3.1     451,327,378.22    426,507,006.00   -1,300,538.09  -23,519,834.14          0.00        0.0000        0.0000
00000/KRW/260313-290313/3.4     388,523,649.74    364,064,181.35     -642,790.78  -23,816,677.61          0.00        0.0000        0.0000
00000/KRW/260318-310318/3.5     454,913,508.26    432,940,918.57     -338,315.70  -21,634,273.99          0.00        0.0000        0.0000
00000/KRW/260318-270318/3.0      14,808,275.34     13,285,114.41     -195,826.71   -1,327,334.22          0.00        0.0000        0.0000
00000/KRW/260323-270323/3.2      21,948,559.49      6,922,378.88   -1,476,565.59  -13,549,615.03          0.00        0.0000        0.0000
00000/KRW/260323-280323/3.5    -199,577,964.64   -173,834,773.84      950,217.69   24,792,973.10          0.00        0.0000        0.0000
00000/KRW/230203-280203/3.0     163,340,879.74    156,539,330.19     -413,409.42   -6,388,140.14          0.00        0.0000        0.0000
00000/KRW/230413-280413/3.0    -235,563,241.24   -224,584,987.32      481,429.60   10,496,824.32          0.00        0.0000        0.0000
00001/KRW/230424-260424/3.2               0.00              0.00            0.00            0.00          0.00        0.0000        0.0000
00000/KRW/230502-260504/3.2               0.00              0.00            0.00            0.00          0.00        0.0000        0.0000
00000/KRW/230807-280807/3.6      40,870,196.91     33,911,298.11      -94,642.35   -6,864,256.45          0.00        0.0000        0.0000
00001/KRW/241226-261228/2.7     -66,502,852.30    -62,688,816.50      863,733.39    2,950,302.41          0.00        0.0000        0.0000
00000/KRW/250425-261026/2.3     -66,234,375.63    -65,106,961.91      833,143.08      294,270.64          0.00        0.0000        0.0000
00000/KRW/250708-280710/2.4     366,645,196.57    357,074,045.07     -680,717.22   -8,890,434.27          0.00        0.0000        0.0000
00001/KRW/250718-270719/2.3     109,206,791.18    106,824,524.65     -397,535.40   -1,984,731.13          0.00        0.0000        0.0000
00000/KRW/250728-270728/2.3     340,767,515.04    333,350,892.14   -1,208,240.97   -6,208,381.93          0.00        0.0000        0.0000
00000/KRW/250821-270823/2.3     378,488,980.23    370,245,157.67   -1,273,522.46   -6,970,300.09          0.00        0.0000        0.0000
00000/KRW/250826-260526/2.4               0.00              0.00            0.00            0.00          0.00        0.0000        0.0000
00000/KRW/250917-280918/2.3    -623,508,890.09   -608,573,237.41      898,140.97   14,037,511.70          0.00        0.0000        0.0000
00002/KRW/250923-270923/2.3    -274,881,334.26   -268,661,651.52      929,769.76    5,289,912.98          0.00        0.0000        0.0000
00000/KRW/250926-260928/2.4      43,928,774.49     43,350,751.90     -578,022.59            0.00          0.00        0.0000        0.0000
00001/KRW/251015-270415/2.4    -324,046,745.63   -314,392,777.88    2,346,969.60    7,306,998.16          0.00        0.0000        0.0000
00001/KRW/251030-260430/2.5               0.00              0.00            0.00            0.00          0.00        0.0000        0.0000
00000/KRW/251110-281110/2.8    -474,407,659.79   -459,126,412.05      631,366.67   14,649,881.08          0.00        0.0000        0.0000
00000/KRW/251125-271125/2.7    -338,037,287.43   -326,828,459.83    1,110,949.51   10,097,878.09          0.00        0.0000        0.0000
00000/KRW/251126-270526/2.7    -109,077,500.56   -105,102,946.21      594,774.19    3,379,780.16          0.00        0.0000        0.0000
00000/KRW/251201-281201/2.9     619,370,639.43    596,204,887.53     -841,336.52  -22,324,415.38          0.00        0.0000        0.0000
00003/KRW/251202-261202/2.8      -6,849,453.17     -6,305,901.23      136,091.85      407,460.09          0.00        0.0000        0.0000
00001/KRW/251202-270602/2.8    -176,686,117.56   -168,675,142.58    1,099,573.35    6,911,401.63          0.00        0.0000        0.0000
00000/KRW/251202-271202/2.9     284,777,163.30    273,379,494.12   -1,036,593.74  -10,361,075.44          0.00        0.0000        0.0000
00001/KRW/251208-271208/2.9    -311,431,954.32   -299,753,407.67    1,101,441.25   10,577,105.40          0.00        0.0000        0.0000
00000/KRW/251218-271220/2.9    -318,169,290.21   -305,998,054.29    1,147,851.08   11,023,384.84          0.00        0.0000        0.0000
00001/KRW/251224-271224/2.9    -210,278,695.43   -202,067,748.43      761,277.84    7,449,669.15          0.00        0.0000        0.0000
00003/KRW/260107-270107/2.7     -96,696,467.12    -91,108,953.19    1,160,490.01    4,427,023.91          0.00        0.0000        0.0000
00000/KRW/260109-280110/2.8     559,598,737.50    539,190,464.73   -1,891,100.77  -18,517,171.99          0.00        0.0000        0.0000
00001/KRW/260109-280110/2.8     355,017,476.15    341,994,390.66   -1,203,204.17  -11,819,881.32          0.00        0.0000        0.0000
00000/KRW/260112-270712/2.8     642,128,328.37    619,303,643.67   -3,456,700.79  -19,367,983.90          0.00        0.0000        0.0000
00000/KRW/260116-270118/2.8     158,289,800.02    146,531,498.79   -1,638,191.93  -10,120,109.30          0.00        0.0000        0.0000
00000/KRW/260119-260720/2.7       2,325,594.34      1,937,994.73     -387,599.61            0.00          0.00        0.0000        0.0000
00000/KRW/260120-290122/3.2     514,892,849.75    491,081,124.46     -701,432.90  -23,110,292.38          0.00        0.0000        0.0000
00001/KRW/260121-310121/3.3     274,585,915.72    263,793,307.59     -170,928.56  -10,621,679.57          0.00        0.0000        0.0000
00000/KRW/260123-270125/2.7     -98,044,956.80    -91,889,067.08      909,604.34    5,246,285.38          0.00        0.0000        0.0000
00000/KRW/260129-280131/3.0     107,848,678.96    103,353,259.78     -276,526.76   -4,218,892.42          0.00        0.0000        0.0000
00000/KRW/260202-270202/2.8     -50,211,343.18    -46,427,634.71      507,063.81    3,276,644.66          0.00        0.0000        0.0000
00000/KRW/260203-290205/3.2    -339,978,519.14   -323,988,810.83      456,442.81   15,533,265.51          0.00        0.0000        0.0000
00002/KRW/260204-280204/3.1    -277,743,384.52   -264,173,483.63      743,090.58   12,826,810.31          0.00        0.0000        0.0000
00000/KRW/260204-360204/3.5    -237,722,517.21   -232,546,618.46       53,590.00    5,122,308.75          0.00        0.0000        0.0000
00000/KRW/260205-270205/2.9      44,646,616.90     40,839,078.86     -482,527.87   -3,325,010.17          0.00        0.0000        0.0000
00001/KRW/260206-310206/3.4     256,352,443.71    245,514,037.42     -157,476.32  -10,680,929.98          0.00        0.0000        0.0000
00000/KRW/260211-270211/2.9     -58,892,302.50    -53,683,234.89      647,400.43    4,561,667.19          0.00        0.0000        0.0000
00005/KRW/260223-290223/3.1    -907,540,592.50   -867,147,984.97    1,191,027.54   39,201,579.99          0.00        0.0000        0.0000
00000/KRW/260224-290226/3.1    -365,806,686.00   -349,622,776.49      478,531.08   15,705,378.43          0.00        0.0000        0.0000
00000/KRW/260225-310225/3.3    -312,035,112.59   -301,149,098.64      186,461.34   10,699,552.61          0.00        0.0000        0.0000
00000/KRW/260303-270903/2.9     192,298,868.38    184,114,667.84     -852,487.77   -7,331,712.77          0.00        0.0000        0.0000
00000/KRW/260311-270311/2.9     -52,996,521.39    -48,515,820.75      611,428.51    3,869,272.13          0.00        0.0000        0.0000
00000/KRW/260318-310318/3.5    -190,716,607.46   -180,551,552.97      146,026.51   10,019,027.97          0.00        0.0000        0.0000
00001/KRW/170516-270517/1.9    -117,585,285.90   -115,448,913.88      499,710.86    1,636,661.17          0.00        0.0000        0.0000
00000/KRW/220728-280728/3.0    -126,322,206.93   -120,711,392.89      195,620.33    5,415,193.71          0.00        0.0000        0.0000
00000/KRW/230203-280203/3.0     108,138,687.23    103,605,453.09     -274,322.57   -4,258,911.58          0.00        0.0000        0.0000
00000/KRW/230303-280303/3.7       7,702,016.96      2,898,384.68     -124,178.14   -4,679,454.14          0.00        0.0000        0.0000
00000/KRW/230307-280307/3.5      35,360,438.12     30,460,996.15     -169,294.09   -4,730,147.88          0.00        0.0000        0.0000
00001/KRW/230921-260921/3.8      17,548,354.24     17,294,025.32     -254,328.92            0.00          0.00        0.0000        0.0000
00000/KRW/240117-270118/3.2      -3,260,133.03     -4,336,612.94      -63,503.07   -1,012,976.85          0.00        0.0000        0.0000
00000/KRW/241017-261019/2.9       1,085,581.74      1,253,897.02       99,600.79       68,714.50          0.00        0.0000        0.0000
00000/KRW/241226-261228/2.7     -16,625,713.08    -15,672,204.13      215,933.35      737,575.60          0.00        0.0000        0.0000
00000/KRW/250307-270308/2.6      40,743,158.33     39,173,444.59     -297,513.09   -1,272,200.64          0.00        0.0000        0.0000
00001/KRW/250307-270308/2.6      81,486,316.66     78,346,889.18     -595,026.19   -2,544,401.29          0.00        0.0000        0.0000
00000/KRW/250310-270310/2.5     447,356,590.05    431,394,076.19   -3,136,387.09  -12,826,126.77          0.00        0.0000        0.0000
00000/KRW/250411-270412/2.3    -207,527,743.37   -202,157,388.98    1,001,527.60    4,368,826.80          0.00        0.0000        0.0000
00001/KRW/250418-260420/2.4               0.00              0.00            0.00            0.00          0.00        0.0000        0.0000
00001/KRW/250512-261112/2.2     -65,029,763.27    -63,682,382.50      726,895.45      620,485.31          0.00        0.0000        0.0000
00001/KRW/250801-270802/2.3     456,051,370.38    445,973,187.54   -1,608,583.72   -8,469,599.11          0.00        0.0000        0.0000
00000/KRW/250826-270826/2.3    -258,159,231.21   -252,591,453.06      860,871.11    4,706,907.04          0.00        0.0000        0.0000
00001/KRW/250829-260831/2.3      60,058,177.44     58,806,948.56   -1,251,228.88            0.00          0.00        0.0000        0.0000
00000/KRW/251031-270430/2.5     291,875,492.75    282,553,583.42   -1,560,830.52   -7,761,078.81          0.00        0.0000        0.0000
00000/KRW/251113-261113/2.6     -43,646,075.82    -41,884,275.33      682,183.97    1,079,616.52          0.00        0.0000        0.0000
00000/KRW/251127-260527/2.6               0.00              0.00            0.00            0.00          0.00        0.0000        0.0000
00000/KRW/251128-260529/2.7               0.00              0.00            0.00            0.00          0.00        0.0000        0.0000
00000/KRW/251208-271208/2.8    -209,666,297.14   -201,877,065.42      738,180.05    7,051,051.68          0.00        0.0000        0.0000
00000/KRW/251210-261210/2.8     -47,986,906.57    -44,653,838.51      829,693.79    2,503,374.28          0.00        0.0000        0.0000
00000/KRW/251211-261211/2.8     -23,680,154.10    -21,672,127.41      469,517.87    1,538,508.82          0.00        0.0000        0.0000
00000/KRW/251219-260619/2.7               0.00              0.00            0.00            0.00          0.00        0.0000        0.0000
00000/KRW/260112-310113/3.1    -907,187,740.33   -880,222,558.92      614,352.10   26,350,829.32          0.00        0.0000        0.0000
00002/KRW/260113-290115/3.0     209,287,829.10    201,399,373.11     -231,531.93   -7,656,924.06          0.00        0.0000        0.0000
00000/KRW/260113-310113/3.1    -360,502,632.86   -349,784,316.87      176,607.31   10,541,708.67          0.00        0.0000        0.0000
00002/KRW/260114-270114/2.7     168,170,670.56    157,282,666.81    5,195,498.51   -9,850,625.54  6,232,876.71-6,232,876.7123        0.0000
00000/KRW/260114-270714/2.8     591,136,459.37    569,280,339.38  -14,899,069.50  -19,422,803.91-12,465,753.4212,465,753.4247        0.0000
00000/KRW/260115-310115/3.2  -1,259,575,102.54 -1,219,295,766.34    1,245,640.64   39,033,695.56          0.00        0.0000        0.0000
00003/KRW/260116-270118/2.8     210,709,941.79    193,211,580.24   -2,316,845.32  -15,181,516.23          0.00        0.0000        0.0000
00000/KRW/260122-290122/3.2     484,028,227.36    460,244,231.35     -662,010.77  -23,121,985.24          0.00        0.0000        0.0000
00000/KRW/260126-270126/2.8     -49,115,728.33    -45,454,496.63      496,801.72    3,164,429.98          0.00        0.0000        0.0000
00004/KRW/260127-310127/3.3     619,497,904.00    597,890,735.98     -374,204.44  -21,232,963.58          0.00        0.0000        0.0000
00003/KRW/260129-310129/3.2   1,623,403,512.68  1,569,351,538.01     -988,914.74  -53,063,059.93          0.00        0.0000        0.0000
00000/KRW/260204-270204/2.8      47,075,112.04     43,272,896.47     -493,379.53   -3,308,836.05          0.00        0.0000        0.0000
00000/KRW/260212-290215/3.2    -337,232,410.38   -321,158,136.54      452,050.72   15,622,223.12          0.00        0.0000        0.0000
00000/KRW/260212-280214/3.0    -294,641,161.82   -280,640,248.06      769,546.21   13,231,367.54          0.00        0.0000        0.0000
00000/KRW/260225-270225/2.9     230,237,266.82    212,111,026.06   -2,330,974.37  -15,795,266.39          0.00        0.0000        0.0000
00003/KRW/260226-280228/3.1    -303,168,669.71   -288,577,291.73      781,002.11   13,810,375.87          0.00        0.0000        0.0000
00000/KRW/260303-280303/2.9    -287,057,411.04   -275,163,880.23      720,500.55   11,173,030.27          0.00        0.0000        0.0000
00000/KRW/260306-280306/3.1     -95,839,579.69    -90,867,742.48      269,083.04    4,702,754.18          0.00        0.0000        0.0000
00000/KRW/260309-310310/3.4  -1,017,835,493.48   -976,235,278.90      686,098.51   40,914,116.07          0.00        0.0000        0.0000
00000/KRW/260311-290312/3.3     280,955,329.54    264,650,577.14     -444,881.21  -15,859,871.18          0.00        0.0000        0.0000
00000/KRW/260311-270311/2.9     -89,947,764.33    -82,473,358.66    1,025,728.91    6,448,676.76          0.00        0.0000        0.0000
00001/KRW/260311-270311/2.9     -52,996,521.39    -48,515,820.75      611,428.51    3,869,272.13          0.00        0.0000        0.0000
00000/KRW/260313-290313/3.3   1,358,218,408.14  1,276,651,625.48   -2,204,074.97  -79,362,707.69          0.00        0.0000        0.0000
00000/KRW/170414-270414/1.8     108,128,634.67    106,155,421.87     -509,643.85   -1,463,568.95          0.00        0.0000        0.0000
00000/KRW/181025-281025/2.1     376,104,919.96    368,433,307.88     -477,659.95   -7,193,952.14          0.00        0.0000        0.0000
00002/KRW/230222-280222/3.5     -29,247,414.26    -24,569,749.85      142,662.57    4,535,001.84          0.00        0.0000        0.0000
00002/KRW/230307-280307/3.5      32,170,166.44     27,275,155.85     -164,166.28   -4,730,844.32          0.00        0.0000        0.0000
00000/KRW/230428-260430/3.1               0.00              0.00            0.00            0.00          0.00        0.0000        0.0000
00001/KRW/230510-280510/3.1    -122,877,990.58   -116,937,232.47      285,881.20    5,654,876.91          0.00        0.0000        0.0000
00000/KRW/230905-260907/3.6     -35,680,014.60    -35,031,277.02      648,737.57            0.00          0.00        0.0000        0.0000
00001/KRW/240411-260413/3.4               0.00              0.00            0.00            0.00          0.00        0.0000        0.0000
00000/KRW/250307-270308/2.5      41,383,243.56     39,810,899.71     -300,186.00   -1,272,157.84          0.00        0.0000        0.0000
00001/KRW/250307-270308/2.5      41,223,222.25     39,651,535.93     -299,517.77   -1,272,168.54          0.00        0.0000        0.0000
00000/KRW/250619-300619/2.5    -545,942,496.68   -535,813,002.78      411,104.55    9,718,389.35          0.00        0.0000        0.0000
00000/KRW/250728-280728/2.4     566,551,928.59    552,278,831.50     -810,911.90  -13,462,185.19          0.00        0.0000        0.0000
00002/KRW/250826-270826/2.3    -128,806,503.90   -126,023,235.30      429,780.55    2,353,488.05          0.00        0.0000        0.0000
00000/KRW/250829-260831/2.3      30,029,088.72     29,403,474.28     -625,614.44            0.00          0.00        0.0000        0.0000
00000/KRW/250910-270910/2.3     683,883,832.69    669,026,786.13   -2,320,456.85  -12,536,589.71          0.00        0.0000        0.0000
00000/KRW/250930-280929/2.5     574,155,003.08    559,148,749.46     -831,186.05  -14,175,067.57          0.00        0.0000        0.0000
00001/KRW/251022-270422/2.5     304,635,112.94    295,475,685.38   -1,610,344.91   -7,549,082.65          0.00        0.0000        0.0000
00000/KRW/251030-261030/2.5     105,104,753.85    102,561,577.33   -1,523,871.43   -1,019,305.09          0.00        0.0000        0.0000
00000/KRW/251030-270430/2.5     177,858,294.43    172,249,034.48     -952,529.91   -4,656,730.04          0.00        0.0000        0.0000
00000/KRW/251031-270430/2.6      33,516,875.76     32,416,618.54     -181,270.32     -918,986.90          0.00        0.0000        0.0000
00000/KRW/251107-260507/2.6               0.00              0.00            0.00            0.00          0.00        0.0000        0.0000
00000/KRW/251121-270521/2.7    -101,826,727.97    -97,926,652.67      572,480.16    3,327,595.14          0.00        0.0000        0.0000
00001/KRW/251126-270526/2.7    -107,377,266.94   -103,407,847.24      589,480.24    3,379,939.46          0.00        0.0000        0.0000
00000/KRW/251127-271129/2.7    -348,701,218.20   -337,329,655.70    1,130,345.20   10,241,217.30          0.00        0.0000        0.0000
00000/KRW/251208-271208/2.9    -207,621,302.88   -199,835,605.11      734,294.16    7,051,403.60          0.00        0.0000        0.0000
00000/KRW/251209-271209/2.9    -314,943,124.07   -303,199,792.10    1,129,790.05   10,613,541.91          0.00        0.0000        0.0000
00000/KRW/251210-301210/3.1    -716,824,710.70   -695,462,739.36      488,365.78   20,873,605.56          0.00        0.0000        0.0000
00001/KRW/251211-261211/2.8     -39,466,923.50    -36,120,212.35      782,529.78    2,564,181.37          0.00        0.0000        0.0000
00001/KRW/251212-261214/2.8     -47,901,956.94    -44,301,088.18      850,267.74    2,750,601.02          0.00        0.0000        0.0000
00000/KRW/251219-260619/2.7               0.00              0.00            0.00            0.00          0.00        0.0000        0.0000
00001/KRW/251219-271220/2.9    -218,388,504.64   -210,263,900.18      776,891.51    7,347,712.95          0.00        0.0000        0.0000
00000/KRW/251224-271224/2.9    -105,139,347.71   -101,033,874.22      380,638.92    3,724,834.58          0.00        0.0000        0.0000
00001/KRW/251224-271224/2.9    -545,012,822.63   -524,453,319.14    1,938,799.04   18,620,704.44          0.00        0.0000        0.0000
00002/KRW/251224-271224/2.9    -327,007,693.58   -314,671,991.48    1,163,279.43   11,172,422.67          0.00        0.0000        0.0000
00001/KRW/260106-310106/3.1    -702,300,026.24   -680,761,839.06      485,135.80   21,053,051.38          0.00        0.0000        0.0000
00002/KRW/260106-270106/2.7    -151,903,969.94   -143,102,483.95    1,840,637.90    6,960,848.10          0.00        0.0000        0.0000
00000/KRW/260107-270107/2.7    -190,995,470.67   -179,833,813.20    2,307,500.02    8,854,157.45          0.00        0.0000        0.0000
00000/KRW/260109-310109/3.1    -748,391,626.79   -726,845,130.30      505,006.57   21,041,489.92          0.00        0.0000        0.0000
00004/KRW/260113-270113/2.7      50,883,487.92     47,522,385.79     -421,681.51   -2,939,420.62          0.00        0.0000        0.0000
00003/KRW/260116-270118/2.8     286,037,019.19    262,679,377.07   -3,115,878.05  -20,241,764.06          0.00        0.0000        0.0000
00000/KRW/260120-270120/2.8    -140,804,957.38   -130,463,697.66    1,443,788.61    8,897,471.11          0.00        0.0000        0.0000
00000/KRW/260120-360121/3.4  -1,081,655,281.03 -1,060,956,128.32      250,576.49   20,448,576.22          0.00        0.0000        0.0000
00001/KRW/260121-270121/2.8     -45,952,089.51    -42,382,807.94      485,003.30    3,084,278.27          0.00        0.0000        0.0000
00001/KRW/260127-290129/3.1     182,913,526.35    174,941,170.23     -241,967.07   -7,730,389.06          0.00        0.0000        0.0000
00000/KRW/260205-290205/3.3    -147,999,681.96   -140,018,210.14      206,132.59    7,775,339.23          0.00        0.0000        0.0000
00001/KRW/260206-280207/3.1      89,468,204.89     84,909,110.70     -242,373.80   -4,316,720.39          0.00        0.0000        0.0000
00000/KRW/260210-280210/3.1     -86,051,350.60    -81,456,668.94      236,428.87    4,358,252.79          0.00        0.0000        0.0000
00000/KRW/260211-270211/2.9     -43,739,315.38    -39,834,494.62      483,545.34    3,421,275.42          0.00        0.0000        0.0000
00004/KRW/260212-280214/3.1    -194,888,776.39   -185,557,081.21      510,465.37    8,821,229.81          0.00        0.0000        0.0000
00001/KRW/260213-280214/3.0    -102,658,548.56    -97,985,101.13      264,215.55    4,409,231.89          0.00        0.0000        0.0000
00000/KRW/260219-360219/3.4    -558,222,993.55   -547,975,802.15      126,002.03   10,121,189.37          0.00        0.0000        0.0000
00003/KRW/260223-290223/3.1    -364,256,882.72   -348,099,115.22      477,640.68   15,680,126.81          0.00        0.0000        0.0000
00004/KRW/260223-290223/3.1    -182,128,441.36   -174,049,557.61      238,820.34    7,840,063.41          0.00        0.0000        0.0000
00000/KRW/260225-360225/3.4  -1,125,827,198.71 -1,105,375,944.09      253,946.69   20,197,307.94          0.00        0.0000        0.0000
00003/KRW/260227-280229/3.0    -223,115,691.62   -213,310,550.97      575,186.53    9,229,954.12          0.00        0.0000        0.0000
00000/KRW/260303-270303/2.8     213,443,632.50    198,923,976.76   -2,051,691.71  -12,467,964.03          0.00        0.0000        0.0000
00001/KRW/260303-270903/2.9     320,498,113.96    306,857,779.73   -1,420,812.95  -12,219,521.28          0.00        0.0000        0.0000
00001/KRW/260303-280303/3.0     275,646,301.01    263,768,766.59     -702,037.07  -11,175,497.35          0.00        0.0000        0.0000
00000/KRW/260309-360310/3.5   1,028,172,171.11  1,007,696,511.56     -268,463.53  -20,207,196.02          0.00        0.0000        0.0000
00000/KRW/260309-360310/3.5     508,121,712.63    497,879,591.86     -132,862.47  -10,109,258.29          0.00        0.0000        0.0000
00000/KRW/260310-310310/3.6    -377,414,313.86   -355,487,143.52      287,345.75   21,639,824.59          0.00        0.0000        0.0000
00000/KRW/260313-290313/3.4     132,033,466.27    123,878,901.29     -216,721.16   -7,937,843.83          0.00        0.0000        0.0000
00002/KRW/260313-290313/3.3     138,347,423.84    130,189,336.72     -222,865.06   -7,935,222.06          0.00        0.0000        0.0000
00001/KRW/230111-280111/3.3      54,881,922.98     50,629,085.92     -287,864.68   -3,964,972.37          0.00        0.0000        0.0000
00000/KRW/230307-280307/3.5      72,316,012.08     62,514,912.44     -341,152.10   -9,459,947.54          0.00        0.0000        0.0000
00000/KRW/230322-280322/3.0     332,360,961.23    316,673,574.14     -903,392.71  -14,783,994.38          0.00        0.0000        0.0000
00000/KRW/230412-280413/3.0    -242,953,997.48   -231,833,980.27      624,632.73   10,495,384.47          0.00        0.0000        0.0000
00000/KRW/240405-290405/3.2     168,042,966.14    159,775,565.74     -249,573.37   -8,017,827.04          0.00        0.0000        0.0000
00000/KRW/241017-291017/2.8     343,173,724.44    334,105,678.90     -294,339.29   -8,773,706.25          0.00        0.0000        0.0000
00001/KRW/250307-270308/2.6      41,063,200.94     39,492,172.15     -298,849.55   -1,272,179.24          0.00        0.0000        0.0000
00001/KRW/250307-270308/2.5      82,766,487.12     79,621,799.43     -600,372.00   -2,544,315.69          0.00        0.0000        0.0000
00004/KRW/250528-260528/2.3               0.00              0.00            0.00            0.00          0.00        0.0000        0.0000
00000/KRW/250604-270604/2.3    -190,420,627.93   -186,094,603.70      859,037.86    3,466,986.36          0.00        0.0000        0.0000
00000/KRW/250611-270611/2.3    -190,821,112.88   -186,398,646.87      881,759.48    3,540,706.53          0.00        0.0000        0.0000
00000/KRW/250711-280711/2.3    -838,334,787.72   -817,192,479.01    1,343,933.33   19,798,375.38          0.00        0.0000        0.0000
00001/KRW/250826-270826/2.3    -257,613,007.79   -252,046,470.60      859,561.10    4,706,976.09          0.00        0.0000        0.0000
00000/KRW/250827-260527/2.3               0.00              0.00            0.00            0.00          0.00        0.0000        0.0000
00000/KRW/251030-260430/2.5               0.00              0.00            0.00            0.00          0.00        0.0000        0.0000
00001/KRW/251212-261214/2.8     -28,118,981.27    -25,962,485.28      506,115.17    1,650,380.82          0.00        0.0000        0.0000
00000/KRW/251217-260617/2.7               0.00              0.00            0.00            0.00          0.00        0.0000        0.0000
00000/KRW/251222-271222/2.9    -308,916,419.88   -296,685,563.83    1,130,349.91   11,100,506.14          0.00        0.0000        0.0000
00001/KRW/260106-310106/3.1    -353,197,311.72   -342,428,408.18      243,707.65   10,525,195.89          0.00        0.0000        0.0000
00000/KRW/260112-280112/2.9     279,843,575.06    269,369,640.96     -954,758.03   -9,519,176.08          0.00        0.0000        0.0000
00000/KRW/260113-290115/3.0     423,346,221.35    407,566,211.00     -468,027.39  -15,311,982.96          0.00        0.0000        0.0000
00004/KRW/260114-270114/2.7      84,085,335.28     78,641,333.41    2,597,749.25   -4,925,312.77  3,116,438.36-3,116,438.3562        0.0000
00000/KRW/260115-360115/3.3   1,248,905,341.50  1,228,053,927.84     -548,179.73  -20,303,233.92          0.00        0.0000        0.0000
00000/KRW/260116-290116/3.1    -528,208,749.14   -504,468,884.00      717,346.72   23,022,518.42          0.00        0.0000        0.0000
00000/KRW/260119-360121/3.4    -588,032,170.17   -577,716,353.47      136,204.12   10,179,612.58          0.00        0.0000        0.0000
00000/KRW/260120-310120/3.3   1,040,218,609.46  1,000,515,699.06     -645,509.40  -39,057,401.00          0.00        0.0000        0.0000
00002/KRW/260121-310121/3.3     814,468,220.72    782,089,416.79     -507,691.24  -31,871,112.69          0.00        0.0000        0.0000
00000/KRW/260122-280124/3.0    -398,341,520.01   -380,791,449.38    1,041,387.90   16,508,682.72          0.00        0.0000        0.0000
00000/KRW/260126-310127/3.3     584,354,073.94    562,743,045.60     -354,855.38  -21,256,172.97          0.00        0.0000        0.0000
00005/KRW/260127-310127/3.3     929,246,856.00    896,836,103.97     -561,306.66  -31,849,445.37          0.00        0.0000        0.0000
00000/KRW/260130-270129/2.8     -82,475,094.09    -76,284,316.37      837,195.07    5,353,582.66          0.00        0.0000        0.0000
00000/KRW/260130-260731/2.7       1,618,788.07      1,523,564.82      -95,223.25            0.00          0.00        0.0000        0.0000
00000/KRW/260212-270212/2.9     -76,589,500.90    -70,036,304.89      824,565.30    5,728,630.72          0.00        0.0000        0.0000
00002/KRW/260220-290220/3.2    -176,997,013.97   -168,933,771.01      234,108.59    7,829,134.37          0.00        0.0000        0.0000
00002/KRW/260306-290306/3.3     157,491,543.06    149,362,238.07     -231,858.11   -7,897,446.88          0.00        0.0000        0.0000
00000/KRW/260312-270913/3.0     107,220,482.66    101,567,680.49     -552,832.90   -5,099,969.28          0.00        0.0000        0.0000
00002/KRW/260313-290313/3.3     279,220,430.71    262,902,847.62     -448,187.68  -15,869,395.42          0.00        0.0000        0.0000
00000/KRW/260313-360313/3.5     934,804,847.52    914,257,207.12     -268,471.84  -20,279,168.56          0.00        0.0000        0.0000
00000/KRW/260313-360313/3.5     463,423,412.99    453,146,729.10     -133,322.89  -10,143,361.00          0.00        0.0000        0.0000
00000/KRW/260316-310317/3.5    -844,878,497.78   -804,239,791.23      627,799.98   40,010,906.57          0.00        0.0000        0.0000
00001/KRW/260319-310319/3.5     221,234,746.39    210,244,738.35     -165,781.94  -10,824,226.10          0.00        0.0000        0.0000
00000/KRW/260319-270319/3.0    -105,019,327.97    -94,312,522.49    1,378,140.66    9,328,664.82          0.00        0.0000        0.0000
00000/KRW/260323-290323/3.4     113,803,524.01    105,617,746.50     -198,519.03   -7,987,258.47          0.00        0.0000        0.0000
00001/KRW/170502-270503/1.8    -114,304,104.27   -112,239,172.51      501,627.46    1,563,304.30          0.00        0.0000        0.0000
00000/KRW/170705-270705/1.9     144,488,496.48    142,026,978.12     -570,176.31   -1,891,342.05          0.00        0.0000        0.0000
00000/KRW/230420-280420/3.1    -101,052,645.16    -95,438,548.11      257,267.62    5,356,829.43          0.00        0.0000        0.0000
00000/KRW/230424-260424/3.2               0.00              0.00            0.00            0.00          0.00        0.0000        0.0000
00001/KRW/230510-280510/3.1    -122,438,363.82   -116,498,128.40      285,246.39    5,654,989.03          0.00        0.0000        0.0000
00000/KRW/230614-260615/3.4               0.00              0.00            0.00            0.00          0.00        0.0000        0.0000
00000/KRW/240329-260331/3.3               0.00              0.00            0.00            0.00          0.00        0.0000        0.0000
00001/KRW/240329-260331/3.3               0.00              0.00            0.00            0.00          0.00        0.0000        0.0000
00000/KRW/241126-260526/2.9               0.00              0.00            0.00            0.00          0.00        0.0000        0.0000
00000/KRW/241212-291212/2.5     464,234,598.19    454,858,939.92     -401,554.75   -8,974,103.51          0.00        0.0000        0.0000
00002/KRW/250307-270308/2.5      82,766,487.12     79,621,799.43     -600,372.00   -2,544,315.69          0.00        0.0000        0.0000
00000/KRW/250311-270311/2.5      88,798,560.85     85,594,575.41     -628,104.78   -2,575,880.66          0.00        0.0000        0.0000
00000/KRW/250328-260330/2.6               0.00              0.00            0.00            0.00          0.00        0.0000        0.0000
00000/KRW/250418-260420/2.4               0.00              0.00            0.00            0.00          0.00        0.0000        0.0000
00000/KRW/250424-280424/2.2     520,087,062.81    508,351,836.01     -979,602.70  -10,755,624.10          0.00        0.0000        0.0000
00001/KRW/250425-270426/2.2     -80,307,492.55    -78,390,228.52      387,988.63    1,529,275.40          0.00        0.0000        0.0000
00002/KRW/250430-261030/2.3     -18,431,960.49    -18,104,206.46      225,911.48      101,842.55          0.00        0.0000        0.0000
00000/KRW/250527-260527/2.4               0.00              0.00            0.00            0.00          0.00        0.0000        0.0000
00000/KRW/250718-270719/2.3     163,810,186.77    160,236,786.98     -596,303.09   -2,977,096.69          0.00        0.0000        0.0000
00000/KRW/250820-270222/2.3     152,026,595.60    147,462,193.34     -973,408.48   -3,590,993.79          0.00        0.0000        0.0000
00000/KRW/250825-350827/2.6   1,131,134,228.41  1,120,792,460.67     -274,734.63  -10,067,033.11          0.00        0.0000        0.0000
00000/KRW/250828-280828/2.3     612,291,625.42    597,635,672.27     -850,364.12  -13,805,589.04          0.00        0.0000        0.0000
00000/KRW/250919-280919/2.3    -310,643,066.21   -303,171,066.48      447,378.42    7,024,621.30          0.00        0.0000        0.0000
00000/KRW/250925-270927/2.4     539,547,101.58    526,961,880.56   -1,830,772.14  -10,754,448.88          0.00        0.0000        0.0000
00000/KRW/251020-270420/2.4    -193,437,137.29   -187,927,634.85    1,012,565.04    4,496,937.39          0.00        0.0000        0.0000
00003/KRW/251031-261030/2.5     100,159,669.84     97,677,522.63   -1,463,025.74   -1,019,121.47          0.00        0.0000        0.0000
00000/KRW/251107-260507/2.6               0.00              0.00            0.00            0.00          0.00        0.0000        0.0000
00000/KRW/251126-270526/2.7     -54,963,808.69    -52,975,247.85      298,710.58    1,689,850.25          0.00        0.0000        0.0000
00000/KRW/251126-270526/2.7    -164,253,838.45   -158,290,081.44      894,146.51    5,069,610.50          0.00        0.0000        0.0000
00000/KRW/251202-270602/2.8     -43,520,039.99    -41,519,218.79      272,908.32    1,727,912.88          0.00        0.0000        0.0000
00000/KRW/251205-261207/2.7     -49,667,142.70    -46,530,748.39      812,389.49    2,324,004.82          0.00        0.0000        0.0000
00002/KRW/251208-261208/2.7     -52,037,285.15    -48,824,682.15      829,321.09    2,383,281.92          0.00        0.0000        0.0000
00000/KRW/251210-270610/2.8    -196,830,697.58   -188,545,406.90    1,206,693.75    7,078,596.92          0.00        0.0000        0.0000
00000/KRW/251217-270617/2.8    -159,879,647.70   -153,506,907.56      954,146.65    5,418,593.49          0.00        0.0000        0.0000
00001/KRW/251217-271217/2.9    -478,333,366.25   -460,242,645.21    1,724,797.23   16,365,923.80          0.00        0.0000        0.0000
00001/KRW/260107-270107/2.7     -95,497,735.34    -89,916,906.60    1,153,750.01    4,427,078.73          0.00        0.0000        0.0000
00000/KRW/260107-270107/2.7     -90,702,808.22    -85,148,720.23    1,126,790.01    4,427,297.98          0.00        0.0000        0.0000
00003/KRW/260109-290109/3.0     432,209,597.63    416,342,821.42     -613,745.11  -15,253,031.10          0.00        0.0000        0.0000
00002/KRW/260109-280110/2.8     236,678,317.43    227,996,260.44     -802,136.11   -7,879,920.88          0.00        0.0000        0.0000
00000/KRW/260112-310113/3.1    -361,847,462.72   -351,061,290.07      245,171.17   10,541,001.48          0.00        0.0000        0.0000
00000/KRW/260113-360114/3.3     667,449,155.98    657,211,589.38     -112,574.95  -10,124,991.64          0.00        0.0000        0.0000
00001/KRW/260113-290115/3.0   1,046,439,145.51  1,006,996,865.53   -1,157,659.66  -38,284,620.32          0.00        0.0000        0.0000
00001/KRW/260113-290115/3.0     332,952,301.30    320,332,011.05     -368,465.68  -12,251,824.57          0.00        0.0000        0.0000
00000/KRW/260116-290116/3.1    -179,651,238.38   -171,735,654.19      242,811.86    7,672,772.34          0.00        0.0000        0.0000
00000/KRW/260122-310127/3.4     268,470,956.95    257,662,731.76     -164,418.17  -10,643,807.01          0.00        0.0000        0.0000
00000/KRW/260129-360131/3.4    -591,364,925.40   -581,081,466.01      136,744.91   10,146,714.49          0.00        0.0000        0.0000
00001/KRW/260204-280204/3.1    -459,123,070.39   -436,512,225.61    1,232,066.27   21,378,778.51          0.00        0.0000        0.0000
00000/KRW/260204-290205/3.2    -155,337,706.59   -147,351,760.26      213,482.60    7,772,463.73          0.00        0.0000        0.0000
00000/KRW/260205-270205/2.8      47,989,664.78     44,166,272.77     -498,569.72   -3,324,822.29          0.00        0.0000        0.0000
00004/KRW/260206-280207/3.1      89,468,204.89     84,909,110.70     -242,373.80   -4,316,720.39          0.00        0.0000        0.0000
00000/KRW/260303-310304/3.2     357,160,484.26    346,249,724.31     -220,750.24  -10,690,009.72          0.00        0.0000        0.0000
00000/KRW/260306-270308/2.9     -52,180,452.77    -47,771,614.03      587,572.74    3,821,266.01          0.00        0.0000        0.0000
00000/KRW/260306-280306/3.1    -285,129,837.34   -270,217,652.60      803,402.50   14,108,782.24          0.00        0.0000        0.0000
00002/KRW/260306-280306/3.1     180,530,951.29    170,602,802.40     -520,215.24   -9,407,933.66          0.00        0.0000        0.0000
00003/KRW/260313-290313/3.3     139,610,215.36    131,451,423.81     -224,093.84   -7,934,697.71          0.00        0.0000        0.0000
00000/KRW/260319-290319/3.4     262,854,117.55    246,496,310.95     -431,447.49  -15,926,359.10          0.00        0.0000        0.0000
00000/KRW/260319-310319/3.5     221,234,746.39    210,244,738.35     -165,781.94  -10,824,226.10          0.00        0.0000        0.0000
00000/KRW/260320-290320/3.4    -236,597,206.32   -220,245,336.12      406,006.63   15,945,863.58          0.00        0.0000        0.0000
00000/KRW/160905-260907/1.3     -22,322,729.78    -21,916,855.48      405,874.30            0.00          0.00        0.0000        0.0000
00000/KRW/170413-270413/1.8     105,099,824.28    103,177,495.02     -463,679.42   -1,458,649.84          0.00        0.0000        0.0000
00000/KRW/170705-270705/1.9     144,010,529.45    141,550,281.73     -568,854.31   -1,891,393.41          0.00        0.0000        0.0000
00000/KRW/170811-270811/1.9    -317,940,616.72   -312,519,028.70    1,022,062.25    4,399,525.77          0.00        0.0000        0.0000
00000/KRW/230303-280303/3.7       3,739,677.81     -1,058,396.72     -117,765.23   -4,680,309.29          0.00        0.0000        0.0000
00000/KRW/230803-280803/3.5     -55,265,972.17    -48,317,151.18      112,830.64    6,835,990.36          0.00        0.0000        0.0000
00000/KRW/231024-261026/4.0      63,480,226.02     63,121,683.24     -506,311.15      147,768.37          0.00        0.0000        0.0000
00001/KRW/231127-261127/3.6      25,252,121.80     25,497,778.93     -108,115.92      353,773.05          0.00        0.0000        0.0000
00000/KRW/241226-261228/2.7     -15,946,965.36    -14,997,472.82      211,889.54      737,603.00          0.00        0.0000        0.0000
00001/KRW/250411-270412/2.3     -69,175,914.46    -67,385,796.33      333,842.53    1,456,275.60          0.00        0.0000        0.0000
00002/KRW/250512-261112/2.2     -53,644,987.70    -52,533,493.20      599,637.70      511,856.81          0.00        0.0000        0.0000
00001/KRW/250910-260910/2.3      81,641,818.80     80,234,178.26   -1,407,640.54            0.00          0.00        0.0000        0.0000
00000/KRW/250926-260326/2.5               0.00              0.00            0.00            0.00          0.00        0.0000        0.0000
00001/KRW/251017-271018/2.4     136,598,602.91    133,251,071.18     -427,533.25   -2,919,998.48          0.00        0.0000        0.0000
00000/KRW/251022-270422/2.5     121,854,045.18    118,190,274.15     -644,137.96   -3,019,633.06          0.00        0.0000        0.0000
00000/KRW/251105-270506/2.6     284,815,333.19    275,362,857.99   -1,531,843.70   -7,920,631.50          0.00        0.0000        0.0000
00000/KRW/251106-270506/2.6     288,657,204.17    279,192,069.40   -1,545,117.72   -7,920,017.05          0.00        0.0000        0.0000
00000/KRW/251118-271118/2.8    -315,546,942.37   -304,628,302.84    1,068,211.56    9,850,427.97          0.00        0.0000        0.0000
00001/KRW/251119-281120/2.9    -222,399,057.14   -214,720,943.64      297,280.29    7,380,833.21          0.00        0.0000        0.0000
00001/KRW/251126-270526/2.7    -109,927,617.37   -105,950,495.70      597,421.16    3,379,700.51          0.00        0.0000        0.0000
00000/KRW/251201-261201/2.8     -21,268,988.66    -19,684,038.66      395,927.74    1,189,022.26          0.00        0.0000        0.0000
00000/KRW/251203-261203/2.8     -37,822,853.78    -35,021,918.46      707,477.23    2,093,458.09          0.00        0.0000        0.0000
00000/KRW/251218-260618/2.7               0.00              0.00            0.00            0.00          0.00        0.0000        0.0000
00000/KRW/260106-260706/2.7               0.00              0.00            0.00            0.00          0.00        0.0000        0.0000
00000/KRW/260115-261015/2.7     -51,522,449.31    -49,594,180.46    1,928,295.95          -27.11          0.00        0.0000        0.0000
00000/KRW/260115-290115/3.0    -198,562,262.16   -190,520,866.47      391,537.60    7,649,858.09          0.00        0.0000        0.0000
00000/KRW/260116-360116/3.4     575,441,528.81    565,101,933.01     -133,500.77  -10,206,095.02          0.00        0.0000        0.0000
00000/KRW/260119-261019/2.7      -6,875,025.23     -6,655,172.91      162,611.14       57,241.18          0.00        0.0000        0.0000
00000/KRW/260119-270119/2.8     113,923,516.53    105,638,325.32   -1,163,561.57   -7,121,629.64          0.00        0.0000        0.0000
00001/KRW/260119-270119/2.8      81,373,940.38     75,455,946.66     -831,115.41   -5,086,878.31          0.00        0.0000        0.0000
00000/KRW/260120-270120/2.8     -48,167,640.16    -44,603,674.84      495,852.08    3,068,113.24          0.00        0.0000        0.0000
00000/KRW/260123-310127/3.3     307,710,434.66    296,906,614.86     -185,915.86  -10,617,903.95          0.00        0.0000        0.0000
00001/KRW/260123-310127/3.3     307,710,434.66    296,906,614.86     -185,915.86  -10,617,903.95          0.00        0.0000        0.0000
00000/KRW/260126-270126/2.8     -76,324,710.70    -70,591,890.33      775,180.25    4,957,640.12          0.00        0.0000        0.0000
00000/KRW/260129-360131/3.4  -1,186,670,469.87 -1,166,106,371.50      274,404.10   20,289,694.27          0.00        0.0000        0.0000
00001/KRW/260209-280209/3.1     187,652,323.49    178,467,106.03     -499,036.65   -8,686,180.80          0.00        0.0000        0.0000
00000/KRW/260213-280214/3.0    -307,975,645.69   -293,955,303.38      792,646.65   13,227,695.67          0.00        0.0000        0.0000
00000/KRW/260225-280225/3.1    -100,218,373.86    -95,397,415.19      259,234.42    4,561,724.26          0.00        0.0000        0.0000
00002/KRW/260305-280306/3.1     454,651,776.11    429,838,982.76   -1,293,271.40  -23,519,521.94          0.00        0.0000        0.0000
00001/KRW/260306-280306/3.1     266,018,623.47    251,133,053.93     -772,629.64  -14,112,939.90          0.00        0.0000        0.0000
00000/KRW/260312-270913/3.0     159,976,020.79    151,498,667.25     -827,285.35   -7,650,068.19          0.00        0.0000        0.0000
00000/KRW/260313-290313/3.3     142,135,798.38    133,975,597.98     -226,551.40   -7,933,649.00          0.00        0.0000        0.0000
00000/KRW/260316-360317/3.5     892,050,580.49    871,496,819.19     -258,393.01  -20,295,368.30          0.00        0.0000        0.0000
00000/KRW/260318-290319/3.4     133,335,473.27    125,155,575.62     -217,582.64   -7,962,315.01          0.00        0.0000        0.0000
00000/KRW/260318-270318/3.0      14,474,876.41     12,953,027.99     -194,490.62   -1,327,357.80          0.00        0.0000        0.0000
00000/KRW/260318-360318/3.6     204,158,198.25    199,007,704.40      -60,273.25   -5,090,220.59          0.00        0.0000        0.0000
00001/KRW/260319-290319/3.4     919,989,411.41    862,737,088.33   -1,510,066.22  -55,742,256.86          0.00        0.0000        0.0000
00000/KRW/260324-280324/3.6      27,823,831.58     22,676,905.91     -171,183.71   -4,975,741.96          0.00        0.0000        0.0000
00000/KRW/260324-280324/3.6      44,176,729.72     33,898,200.55     -324,433.01   -9,954,096.15          0.00        0.0000        0.0000
00000/KRW/260324-280324/3.6      39,260,615.38     28,988,652.87     -316,746.84   -9,955,215.68          0.00        0.0000        0.0000
SYN-5M                             -493,284.41        164,767.65      108,920.43      549,131.62          0.00        0.0000        0.0000
SYN-6M                           -4,250,829.09     -3,137,921.30      148,478.29      964,429.51          0.00        0.0000        0.0000
SYN-9M                          -19,644,412.82    -17,959,886.93      218,836.91    1,465,688.98          0.00        0.0000        0.0000
SYN-1Y                          -41,885,219.09    -39,650,172.53      285,248.99    1,949,797.57          0.00        0.0000        0.0000
SYN-7Y                         -647,686,911.44   -635,846,987.29      254,257.60   11,585,666.56          0.00        0.0000        0.0000
SYN-PREFIX                     -158,288,128.29   -151,243,176.87      290,054.79    6,754,896.64          0.00        0.0000        0.0000
국고채권 02625-3003(25-3)         6,739,457,581.46  6,740,289,434.38      730,572.71            None          0.00  101,280.2076  101,280.2076
국고채권 02625-3003(25-3)         9,627,796,544.95  9,628,984,906.26    1,043,675.30            None          0.00  144,686.0109  144,686.0109
국고채권 02625-3003(25-3)         9,627,796,544.95  9,628,984,906.26    1,043,675.30            None          0.00  144,686.0109  144,686.0109
국고채권 02625-3003(25-3)         9,627,796,544.95  9,628,984,906.26    1,043,675.30            None          0.00  144,686.0109  144,686.0109
국고채권 02625-3003(25-3)         9,627,796,544.95  9,628,984,906.26    1,043,675.30            None          0.00  144,686.0109  144,686.0109
국고채권 02625-3003(25-3)        14,441,694,817.42 14,443,477,359.39    1,565,512.95            None          0.00  217,029.0163  217,029.0163
국고채권 02625-3003(25-3)         2,888,338,963.48  2,888,695,471.88      313,102.59            None          0.00   43,405.8033   43,405.8033
국고채권 02625-3003(25-3)         6,739,457,581.46  6,740,289,434.38      730,572.71            None          0.00  101,280.2076  101,280.2076

bonds: 273 total, 0 degraded (analytic fallback)

worst |resid_cash| (identity incl. realized cash):
  국민은행4602할인일1-12                              1,248,245.8496
  수산금융채권(은행) 25-9이18-15                          949,657.4325
  국민은행4509이표일(03)1.5-30                          755,266.1092
  하나은행48-09이1.5갑-25                              740,841.3009
  하나은행48-09이1.5갑-23                              735,062.6114
  하나은행48-09이1.5갑-23                              735,062.6114
  국민은행4509이표일(03)1.5-17                          717,962.0287
  산업금융채권 26변이0100-0309-1M                        695,869.7781
  중소기업은행(변) 2603이1A-06                           692,931.7876
  신한은행29-06-이-1.5-B                              651,649.2209

aggregate:
  sum ΔNPV (priceable rows)        = -3,222,279.85
  sum realized cash                = 58,215,068.49
  sum theta (all legs)             = 285,470,303.14
  sum mtm (known legs)             = -274,297,286.38  (273 legs mtm=None)
  reported daily_pnl.total         = 11,173,016.76
  reported daily_pnl.theta         = 285,470,303.14
  reported daily_pnl.mtm           = -274297286.3795855
  reported mtm_complete            = False
  aggregate resid (ΔNPV+cash − (mtm+theta known)) = 43,819,771.8824

full dump -> C:\Users\infomax\Desktop\Assistant\Projects_AS\Rates Portfolio\wt-s11-be\scripts\s11_identity_diag.json
