pair: close=2026-07-14  T=2026-07-15
quote_sources: IRS has_as_of=True (latest 2026-07-15), Credit has_as_of=False (latest 2026-07-14)
id                                    npv_prev             npv_T           theta             mtm          cash     resid_raw    resid_cash
00000/KRW/170427-270427/1.9    -129,096,525.43   -127,321,504.29      242,980.32    1,532,040.82          0.00        0.0000        0.0000
00000/KRW/220728-270728/3.1      33,577,305.00     31,207,946.17     -291,399.68   -2,077,959.14          0.00        0.0000        0.0000
00000/KRW/230508-280508/3.0    -122,766,462.32   -116,779,468.29      364,015.21    5,622,978.83          0.00        0.0000        0.0000
00000/KRW/230509-280509/3.0    -121,369,640.42   -115,366,372.93      364,568.98    5,638,698.51          0.00        0.0000        0.0000
00001/KRW/231024-261026/4.0      58,628,200.08     58,787,327.95       85,241.87       73,886.01          0.00        0.0000        0.0000
00002/KRW/240329-260331/3.3               0.00              0.00            0.00            0.00          0.00        0.0000        0.0000
00000/KRW/241119-260519/3.0               0.00              0.00            0.00            0.00          0.00        0.0000        0.0000
00001/KRW/241212-261214/2.6      21,621,281.10     20,925,638.31     -145,793.42     -549,849.37          0.00        0.0000        0.0000
00000/KRW/250331-260331/2.7               0.00              0.00            0.00            0.00          0.00        0.0000        0.0000
00000/KRW/250411-270412/2.3     -68,992,519.58    -67,348,259.50      187,969.59    1,456,290.49          0.00        0.0000        0.0000
00001/KRW/250425-261026/2.3     -79,737,425.56    -79,282,276.23      234,446.35      220,702.98          0.00        0.0000        0.0000
00000/KRW/250507-270507/2.2    -198,068,137.48   -194,384,761.55      510,159.85    3,173,216.08          0.00        0.0000        0.0000
00002/KRW/250905-280905/2.4     904,083,373.87    882,327,081.39     -903,107.29  -20,853,185.19          0.00        0.0000        0.0000
00002/KRW/251017-271018/2.4     144,283,534.42    141,026,413.65     -337,122.29   -2,919,998.48          0.00        0.0000        0.0000
00001/KRW/251030-260430/2.5               0.00              0.00            0.00            0.00          0.00        0.0000        0.0000
00000/KRW/251113-261113/2.7    -103,191,956.05    -99,989,917.39    1,042,765.53    2,159,273.14          0.00        0.0000        0.0000
00000/KRW/251118-281120/2.9    -439,693,294.05   -424,286,807.55      644,036.37   14,762,450.13          0.00        0.0000        0.0000
00000/KRW/251119-271119/2.8    -109,228,420.96   -105,571,205.98      362,481.78    3,294,733.20          0.00        0.0000        0.0000
00002/KRW/251202-261202/2.8     -14,137,262.50    -13,061,117.53      261,224.79      814,920.18          0.00        0.0000        0.0000
00001/KRW/251209-271209/2.9    -310,565,863.80   -298,821,378.02    1,130,237.12   10,614,248.66          0.00        0.0000        0.0000
00002/KRW/251212-261214/2.8     -51,278,669.26    -47,794,238.86      733,829.39    2,750,601.02          0.00        0.0000        0.0000
00003/KRW/251212-261214/2.8     -51,278,669.26    -47,794,238.86      733,829.39    2,750,601.02          0.00        0.0000        0.0000
00000/KRW/251216-281218/3.1    -367,765,543.10   -352,036,666.22      662,023.42   15,066,853.46          0.00        0.0000        0.0000
00000/KRW/251217-281218/3.0     991,286,237.54    951,998,332.41   -1,647,430.79  -37,640,474.35          0.00        0.0000        0.0000
00002/KRW/260106-310106/3.1    -352,689,092.54   -341,847,586.26      316,310.39   10,525,195.89          0.00        0.0000        0.0000
00000/KRW/260106-280106/2.9     684,623,386.17    658,920,169.41   -2,368,213.68  -23,335,003.08          0.00        0.0000        0.0000
00000/KRW/260107-270107/2.7    -186,679,792.32   -176,037,698.03    1,787,607.96    8,854,486.34          0.00        0.0000        0.0000
00000/KRW/260109-280110/2.8   1,153,513,911.30  1,111,884,593.74   -3,808,976.02  -37,820,341.54          0.00        0.0000        0.0000
00001/KRW/260109-280110/2.8     357,207,121.86    344,197,003.13   -1,190,647.24  -11,819,471.49          0.00        0.0000        0.0000
00000/KRW/260114-290115/3.0     197,315,052.57    195,377,088.21     -267,861.85   -7,653,664.16 -5,983,561.645,983,561.6438        0.0000
00000/KRW/260115-270115/2.8     171,068,113.25    158,269,409.98   -2,950,598.65   -9,848,104.62          0.00        0.0000        0.0000
00000/KRW/260116-310116/3.3    -544,402,081.29   -524,223,165.70      594,148.52   19,584,767.07          0.00        0.0000        0.0000
00000/KRW/260116-270118/2.8     282,245,276.73    258,670,264.27   -3,333,763.55  -20,241,248.91          0.00        0.0000        0.0000
00001/KRW/260119-261019/2.7     -43,690,194.65    -42,700,522.08      703,466.68      286,205.89          0.00        0.0000        0.0000
00003/KRW/260121-310121/3.3     259,616,781.99    248,668,476.73     -325,275.92  -10,623,029.34          0.00        0.0000        0.0000
00000/KRW/260123-270125/2.8    -109,266,338.34   -101,927,054.41    1,043,282.93    6,296,001.00          0.00        0.0000        0.0000
00000/KRW/260127-290129/3.1     356,321,354.97    340,187,337.55     -675,158.91  -15,458,858.51          0.00        0.0000        0.0000
00000/KRW/260127-270127/2.8     -48,515,592.08    -44,806,600.54      528,666.09    3,180,325.45          0.00        0.0000        0.0000
00001/KRW/260129-310129/3.2     315,536,866.92    304,604,554.18     -319,700.76  -10,612,611.99          0.00        0.0000        0.0000
00002/KRW/260129-310129/3.2     631,073,733.84    609,209,108.36     -639,401.51  -21,225,223.97          0.00        0.0000        0.0000
00000/KRW/260203-280203/3.0    -179,622,064.71   -170,437,819.76      661,096.56    8,523,148.39          0.00        0.0000        0.0000
00000/KRW/260204-310204/3.4     232,808,476.57    222,691,324.75     -300,864.56   -9,816,287.25          0.00        0.0000        0.0000
00004/KRW/260212-280214/3.0    -186,745,249.43   -177,255,142.54      669,195.19    8,820,911.69          0.00        0.0000        0.0000
00000/KRW/260213-270215/2.9     -28,986,710.28    -26,269,823.86      393,604.26    2,323,282.16          0.00        0.0000        0.0000
00000/KRW/260223-280223/3.0    -100,471,237.66    -95,600,627.86      337,451.88    4,533,157.91          0.00        0.0000        0.0000
00000/KRW/260224-290226/3.2    -174,556,933.77   -166,359,931.56      343,041.93    7,853,960.28          0.00        0.0000        0.0000
00002/KRW/260225-280225/3.1    -475,246,802.33   -450,742,843.64    1,694,088.79   22,809,869.89          0.00        0.0000        0.0000
00000/KRW/260305-270305/2.9     146,174,439.76    131,435,148.70   -2,161,024.80  -12,578,266.26          0.00        0.0000        0.0000
00000/KRW/260306-280306/3.1     436,704,090.55    411,465,910.10   -1,718,346.31  -23,519,834.14          0.00        0.0000        0.0000
00000/KRW/260309-310310/3.4    -483,941,656.83   -463,413,692.16      607,942.69   19,920,021.99          0.00        0.0000        0.0000
00000/KRW/260312-270312/2.9     -96,128,220.75    -88,537,324.21    1,115,932.95    6,474,963.58          0.00        0.0000        0.0000
00001/KRW/260312-270312/2.9     -96,128,220.75    -88,537,324.21    1,115,932.95    6,474,963.58          0.00        0.0000        0.0000
00000/KRW/260313-360313/3.5     442,329,287.70    431,856,217.55     -314,602.28  -10,158,467.88          0.00        0.0000        0.0000
00000/KRW/260316-290316/3.4     355,447,397.07    330,526,684.70   -1,057,568.85  -23,863,143.53          0.00        0.0000        0.0000
00000/KRW/260318-270920/3.1     169,845,481.76    158,030,038.47   -1,312,475.93  -10,502,967.37          0.00        0.0000        0.0000
00001/KRW/230222-280222/3.5     -19,313,167.68    -14,432,763.55      345,402.30    4,535,001.84          0.00        0.0000        0.0000
00001/KRW/241017-291017/2.8     339,718,810.03    330,637,706.36     -306,247.12   -8,774,856.55          0.00        0.0000        0.0000
00000/KRW/241212-261214/2.6      43,242,562.20     41,851,276.61     -291,586.84   -1,099,698.75          0.00        0.0000        0.0000
00001/KRW/250109-260709/2.6               0.00              0.00            0.00            0.00          0.00        0.0000        0.0000
00001/KRW/250508-280508/2.1     292,712,796.09    286,782,565.87     -346,423.15   -5,583,807.06          0.00        0.0000        0.0000
00000/KRW/250515-261116/2.3    -185,047,862.17   -182,808,363.26      683,624.99    1,555,873.93          0.00        0.0000        0.0000
00005/KRW/250528-260528/2.3               0.00              0.00            0.00            0.00          0.00        0.0000        0.0000
00001/KRW/250902-270902/2.3    -136,730,637.48   -133,999,449.72      306,341.59    2,424,846.16          0.00        0.0000        0.0000
00001/KRW/250903-270903/2.3    -137,479,124.02   -134,737,100.59      306,956.70    2,435,066.74          0.00        0.0000        0.0000
00000/KRW/250904-350904/2.7  -1,099,700,024.44 -1,089,384,157.27      237,745.19   10,078,121.97          0.00        0.0000        0.0000
00000/KRW/250905-270906/2.3     405,277,652.82    396,950,774.22     -927,767.86   -7,399,110.74          0.00        0.0000        0.0000
00001/KRW/250917-280918/2.3    -633,326,741.92   -618,686,532.43      603,388.97   14,036,820.52          0.00        0.0000        0.0000
00001/KRW/251030-270430/2.5     191,912,758.04    186,500,639.65     -755,337.89   -4,656,780.50          0.00        0.0000        0.0000
00000/KRW/251106-281106/2.6    -531,398,693.65   -516,179,039.68      629,453.86   14,590,200.11          0.00        0.0000        0.0000
00000/KRW/251110-281110/2.7    -247,814,061.89   -240,175,415.69      317,285.04    7,321,361.16          0.00        0.0000        0.0000
00001/KRW/251110-281110/2.7    -247,814,061.89   -240,175,415.69      317,285.04    7,321,361.16          0.00        0.0000        0.0000
00002/KRW/251128-261130/2.7     -48,861,543.48    -46,297,130.87      638,184.63    1,926,227.98          0.00        0.0000        0.0000
00000/KRW/251208-260608/2.7               0.00              0.00            0.00            0.00          0.00        0.0000        0.0000
00000/KRW/251211-260911/2.8     -13,226,569.90    -13,227,617.04       -1,047.14            0.00          0.00        0.0000        0.0000
00001/KRW/251212-261214/2.8     -44,482,768.64    -40,997,565.31      734,417.10    2,750,786.24          0.00        0.0000        0.0000
00001/KRW/251219-260619/2.7               0.00              0.00            0.00            0.00          0.00        0.0000        0.0000
00000/KRW/251219-271220/2.9    -327,899,195.32   -315,726,672.19    1,150,953.71   11,021,569.42          0.00        0.0000        0.0000
00000/KRW/260108-270108/2.7     -91,736,434.91    -86,332,516.93      900,529.22    4,503,388.75          0.00        0.0000        0.0000
00000/KRW/260109-310109/3.1  -1,512,953,595.47 -1,469,626,539.86    1,254,748.46   42,072,307.14          0.00        0.0000        0.0000
00000/KRW/260109-270709/2.7     324,490,048.96    313,301,451.49   -1,583,911.88   -9,604,685.59          0.00        0.0000        0.0000
00005/KRW/260113-270113/2.7      84,805,813.21     79,354,661.25     -552,117.59   -4,899,034.37          0.00        0.0000        0.0000
00006/KRW/260113-270113/2.7      76,325,231.89     71,419,195.13     -496,905.83   -4,409,130.93          0.00        0.0000        0.0000
00003/KRW/260114-270114/2.7      69,734,021.65     62,913,066.72     -387,554.02   -3,940,250.22  2,493,150.68-2,493,150.6849        0.0000
00000/KRW/260120-290122/3.2     161,569,414.92    153,527,451.96     -338,059.14   -7,703,903.82          0.00        0.0000        0.0000
00000/KRW/260129-360131/3.4    -567,214,301.10   -556,757,996.85      298,385.62   10,157,918.63          0.00        0.0000        0.0000
00000/KRW/260204-290205/3.2    -149,735,319.28   -141,622,171.45      341,901.28    7,771,246.55          0.00        0.0000        0.0000
00000/KRW/260205-270205/2.8      42,199,035.52     38,315,835.33     -558,307.45   -3,324,892.74          0.00        0.0000        0.0000
00002/KRW/260206-270210/2.8     -75,205,086.91    -68,573,027.07      956,991.09    5,675,068.74          0.00        0.0000        0.0000
00003/KRW/260206-270210/2.9     -41,766,586.82    -37,786,903.04      574,493.32    3,405,190.46          0.00        0.0000        0.0000
00003/KRW/260212-280214/3.0    -280,117,874.14   -265,882,713.81    1,003,792.79   13,231,367.54          0.00        0.0000        0.0000
00000/KRW/260219-280221/3.0     -98,240,695.67    -93,397,862.55      336,866.09    4,505,967.04          0.00        0.0000        0.0000
00000/KRW/260225-280225/3.1     -95,049,360.47    -90,148,568.73      338,817.76    4,561,973.98          0.00        0.0000        0.0000
00001/KRW/260225-280225/3.1    -380,197,441.86   -360,594,274.91    1,355,271.03   18,247,895.92          0.00        0.0000        0.0000
00001/KRW/260305-280306/3.1     263,618,462.92    248,475,992.40   -1,030,757.36  -14,111,713.17          0.00        0.0000        0.0000
00001/KRW/260306-280306/3.1     436,704,090.55    411,465,910.10   -1,718,346.31  -23,519,834.14          0.00        0.0000        0.0000
00000/KRW/260313-290313/3.4     377,016,800.42    352,146,373.13   -1,053,749.69  -23,816,677.61          0.00        0.0000        0.0000
00000/KRW/260318-310318/3.5     446,694,330.18    424,392,973.37     -667,082.82  -21,634,273.99          0.00        0.0000        0.0000
00000/KRW/260318-270318/3.0      13,952,110.96     12,394,703.45     -230,073.28   -1,327,334.22          0.00        0.0000        0.0000
00000/KRW/260323-270323/3.2       3,249,929.35    -12,666,662.22   -2,366,976.54  -13,549,615.03          0.00        0.0000        0.0000
00000/KRW/260323-280323/3.5    -182,173,855.05   -155,601,897.13    1,778,984.81   24,792,973.10          0.00        0.0000        0.0000
00000/KRW/230203-280203/3.0     157,811,427.68    150,929,741.14     -493,546.40   -6,388,140.14          0.00        0.0000        0.0000
00000/KRW/230413-280413/3.0    -235,563,241.24   -224,483,617.45      582,799.46   10,496,824.32          0.00        0.0000        0.0000
00001/KRW/230424-260424/3.2               0.00              0.00            0.00            0.00          0.00        0.0000        0.0000
00000/KRW/230502-260504/3.2               0.00              0.00            0.00            0.00          0.00        0.0000        0.0000
00000/KRW/230807-280807/3.6      25,220,881.84     18,031,846.05     -324,779.33   -6,864,256.45          0.00        0.0000        0.0000
00001/KRW/241226-261228/2.7     -70,152,167.37    -66,540,871.30      660,993.66    2,950,302.41          0.00        0.0000        0.0000
00000/KRW/250425-261026/2.3    -106,316,567.41   -105,709,701.64      312,595.14      294,270.64          0.00        0.0000        0.0000
00000/KRW/250708-280710/2.4     367,532,867.80    358,139,250.55     -503,182.98   -8,890,434.27          0.00        0.0000        0.0000
00001/KRW/250718-270719/2.3     119,332,818.57    117,071,099.99     -276,987.45   -1,984,731.13          0.00        0.0000        0.0000
00000/KRW/250728-270728/2.3     368,455,871.21    361,398,837.34     -848,651.93   -6,208,381.93          0.00        0.0000        0.0000
00000/KRW/250821-270823/2.3     398,309,528.17    390,439,678.22     -899,549.86   -6,970,300.09          0.00        0.0000        0.0000
00000/KRW/250826-260526/2.4               0.00              0.00            0.00            0.00          0.00        0.0000        0.0000
00000/KRW/250917-280918/2.3    -631,166,424.33   -616,525,292.21      603,620.43   14,037,511.70          0.00        0.0000        0.0000
00002/KRW/250923-270923/2.3    -280,662,156.17   -274,731,514.54      640,728.66    5,289,912.98          0.00        0.0000        0.0000
00000/KRW/250926-260928/2.4      52,661,651.21     52,665,820.39        4,169.19            0.00          0.00        0.0000        0.0000
00001/KRW/251015-270415/2.4    -368,851,540.16   -359,700,997.06    1,843,544.94    7,306,998.16          0.00        0.0000        0.0000
00001/KRW/251030-260430/2.5               0.00              0.00            0.00            0.00          0.00        0.0000        0.0000
00000/KRW/251110-281110/2.8    -474,056,974.86   -458,770,247.66      636,846.12   14,649,881.08          0.00        0.0000        0.0000
00000/KRW/251125-271125/2.7    -338,641,397.01   -327,444,898.18    1,098,620.74   10,097,878.09          0.00        0.0000        0.0000
00000/KRW/251126-270526/2.7    -111,050,103.30   -107,116,644.84      553,678.30    3,379,780.16          0.00        0.0000        0.0000
00000/KRW/251201-281201/2.9     613,539,132.58    590,237,764.24     -976,952.96  -22,324,415.38          0.00        0.0000        0.0000
00003/KRW/251202-261202/2.8      -7,068,631.25     -6,530,558.77      130,612.39      407,460.09          0.00        0.0000        0.0000
00001/KRW/251202-270602/2.8    -175,151,870.98   -167,102,539.84    1,137,929.51    6,911,401.63          0.00        0.0000        0.0000
00000/KRW/251202-271202/2.9     281,489,492.06    270,009,631.10   -1,118,785.52  -10,361,075.44          0.00        0.0000        0.0000
00001/KRW/251208-271208/2.9    -310,470,310.48   -298,765,051.50    1,128,153.57   10,577,105.40          0.00        0.0000        0.0000
00000/KRW/251218-271220/2.9    -318,066,550.49   -305,891,204.98    1,151,960.67   11,023,384.84          0.00        0.0000        0.0000
00001/KRW/251224-271224/2.9    -210,056,777.62   -201,833,501.86      773,606.61    7,449,669.15          0.00        0.0000        0.0000
00003/KRW/260107-270107/2.7     -98,299,206.84    -92,978,816.21      893,366.72    4,427,023.91          0.00        0.0000        0.0000
00000/KRW/260109-280110/2.8     559,624,490.92    539,241,971.58   -1,865,347.35  -18,517,171.99          0.00        0.0000        0.0000
00001/KRW/260109-280110/2.8     355,029,804.92    342,019,048.20   -1,190,875.40  -11,819,881.32          0.00        0.0000        0.0000
00000/KRW/260112-270712/2.8     642,388,602.34    619,824,191.62   -3,196,426.82  -19,367,983.90          0.00        0.0000        0.0000
00000/KRW/260116-270118/2.8     155,961,032.89    144,175,334.41   -1,665,589.19  -10,120,109.30          0.00        0.0000        0.0000
00000/KRW/260119-260720/2.7      35,510,525.85     35,513,337.20        2,811.34            0.00          0.00        0.0000        0.0000
00000/KRW/260120-290122/3.2     488,657,233.31    464,533,179.26   -1,013,761.67  -23,110,292.38          0.00        0.0000        0.0000
00001/KRW/260121-310121/3.3     261,794,819.83    250,848,102.11     -325,038.15  -10,621,679.57          0.00        0.0000        0.0000
00000/KRW/260123-270125/2.7    -101,250,436.25    -95,135,642.42      868,508.45    5,246,285.38          0.00        0.0000        0.0000
00000/KRW/260129-280131/3.0     103,995,939.24     99,449,150.19     -327,896.63   -4,218,892.42          0.00        0.0000        0.0000
00000/KRW/260202-270202/2.8     -47,293,534.96    -43,468,730.60      548,159.70    3,276,644.66          0.00        0.0000        0.0000
00000/KRW/260203-290205/3.2    -324,027,834.21   -307,813,468.36      681,100.34   15,533,265.51          0.00        0.0000        0.0000
00002/KRW/260204-280204/3.1    -260,446,124.25   -246,625,538.43      993,775.51   12,826,810.31          0.00        0.0000        0.0000
00000/KRW/260204-360204/3.5    -230,704,366.52   -225,426,755.44      155,302.33    5,122,308.75          0.00        0.0000        0.0000
00000/KRW/260205-270205/2.9      39,400,726.49     35,517,161.05     -558,555.27   -3,325,010.17          0.00        0.0000        0.0000
00001/KRW/260206-310206/3.4     245,437,375.22    234,428,420.98     -328,024.26  -10,680,929.98          0.00        0.0000        0.0000
00000/KRW/260211-270211/2.9     -51,125,179.21    -45,792,823.93      770,688.10    4,561,667.19          0.00        0.0000        0.0000
00005/KRW/260223-290223/3.1    -882,033,743.19   -841,120,587.70    1,711,575.49   39,201,579.99          0.00        0.0000        0.0000
00000/KRW/260224-290226/3.1    -355,671,069.56   -339,280,310.74      685,380.40   15,705,378.43          0.00        0.0000        0.0000
00000/KRW/260225-310225/3.3    -305,356,345.47   -294,334,030.14      322,762.71   10,699,552.61          0.00        0.0000        0.0000
00000/KRW/260303-270903/2.9     188,682,430.02    180,407,818.52     -942,898.73   -7,331,712.77          0.00        0.0000        0.0000
00000/KRW/260311-270311/2.9     -51,221,178.92    -46,684,998.83      666,907.96    3,869,272.13          0.00        0.0000        0.0000
00000/KRW/260318-310318/3.5    -186,598,456.77   -176,268,676.26      310,752.54   10,019,027.97          0.00        0.0000        0.0000
00001/KRW/170516-270517/1.9    -131,171,587.27   -129,273,571.41      261,354.70    1,636,661.17          0.00        0.0000        0.0000
00000/KRW/220728-280728/3.0    -122,366,042.55   -116,703,173.71      247,675.12    5,415,193.71          0.00        0.0000        0.0000
00000/KRW/230203-280203/3.0     104,357,865.31     99,769,836.65     -329,117.09   -4,258,911.58          0.00        0.0000        0.0000
00000/KRW/230303-280303/3.7        -484,284.41     -5,515,313.95     -351,575.40   -4,679,454.14          0.00        0.0000        0.0000
00000/KRW/230307-280307/3.5      28,850,849.08     23,770,585.19     -350,116.01   -4,730,147.88          0.00        0.0000        0.0000
00001/KRW/230921-260921/3.8      23,183,970.68     23,185,806.14        1,835.46            0.00          0.00        0.0000        0.0000
00000/KRW/240117-270118/3.2     -12,225,886.45    -13,407,845.82     -168,982.52   -1,012,976.85          0.00        0.0000        0.0000
00000/KRW/241017-261019/2.9       7,093,800.91      7,332,801.13      170,285.72       68,714.50          0.00        0.0000        0.0000
00000/KRW/241226-261228/2.7     -17,538,041.84    -16,635,217.82      165,248.42      737,575.60          0.00        0.0000        0.0000
00000/KRW/250307-270308/2.6      43,491,103.54     42,002,211.71     -216,691.18   -1,272,200.64          0.00        0.0000        0.0000
00001/KRW/250307-270308/2.6      86,982,207.07     84,004,423.43     -433,382.35   -2,544,401.29          0.00        0.0000        0.0000
00000/KRW/250310-270310/2.5     479,726,453.06    464,715,994.00   -2,184,332.30  -12,826,126.77          0.00        0.0000        0.0000
00000/KRW/250411-270412/2.3    -207,527,743.37   -202,595,060.21      563,856.36    4,368,826.80          0.00        0.0000        0.0000
00001/KRW/250418-260420/2.4               0.00              0.00            0.00            0.00          0.00        0.0000        0.0000
00001/KRW/250512-261112/2.2     -91,696,886.56    -90,772,793.46      303,607.78      620,485.31          0.00        0.0000        0.0000
00001/KRW/250801-270802/2.3     488,925,342.98    479,310,173.84   -1,145,570.03   -8,469,599.11          0.00        0.0000        0.0000
00000/KRW/250826-270826/2.3    -270,520,875.05   -265,210,631.14      603,336.87    4,706,907.04          0.00        0.0000        0.0000
00001/KRW/250829-260831/2.3     114,249,958.26    114,259,003.36        9,045.09            0.00          0.00        0.0000        0.0000
00000/KRW/251031-270430/2.5     313,272,753.02    304,252,213.55   -1,259,460.66   -7,761,078.81          0.00        0.0000        0.0000
00000/KRW/251113-261113/2.6     -53,464,568.97    -51,863,727.38      521,225.07    1,079,616.52          0.00        0.0000        0.0000
00000/KRW/251127-260527/2.6               0.00              0.00            0.00            0.00          0.00        0.0000        0.0000
00000/KRW/251128-260529/2.7               0.00              0.00            0.00            0.00          0.00        0.0000        0.0000
00000/KRW/251208-271208/2.8    -209,173,146.46   -201,370,216.10      751,878.68    7,051,051.68          0.00        0.0000        0.0000
00000/KRW/251210-261210/2.8     -52,055,399.72    -48,845,619.33      706,406.12    2,503,374.28          0.00        0.0000        0.0000
00000/KRW/251211-261211/2.8     -24,995,222.59    -23,028,291.79      428,421.98    1,538,508.82          0.00        0.0000        0.0000
00000/KRW/251219-260619/2.7               0.00              0.00            0.00            0.00          0.00        0.0000        0.0000
00000/KRW/260112-310113/3.1    -907,013,082.80   -879,873,243.85      789,009.63   26,350,829.32          0.00        0.0000        0.0000
00002/KRW/260113-290115/3.0     209,287,829.10    201,362,386.80     -268,518.23   -7,656,924.06          0.00        0.0000        0.0000
00000/KRW/260113-310113/3.1    -360,502,632.86   -349,710,344.27      250,579.92   10,541,708.67          0.00        0.0000        0.0000
00002/KRW/260114-270114/2.7     174,335,054.12    157,282,666.81     -968,885.05   -9,850,625.54  6,232,876.71-6,232,876.7123        0.0000
00000/KRW/260114-270714/2.8     578,807,692.25    569,280,339.38   -2,570,302.38  -19,422,803.91-12,465,753.4212,465,753.4247        0.0000
00000/KRW/260115-310115/3.2  -1,222,585,239.52 -1,181,890,286.89    1,661,257.07   39,033,695.56          0.00        0.0000        0.0000
00003/KRW/260116-270118/2.8     194,990,763.70    177,307,470.65   -2,501,776.82  -15,181,516.23          0.00        0.0000        0.0000
00000/KRW/260122-290122/3.2     454,878,912.29    430,739,436.83   -1,017,490.22  -23,121,985.24          0.00        0.0000        0.0000
00000/KRW/260126-270126/2.8     -46,871,892.72    -43,181,893.89      525,568.84    3,164,429.98          0.00        0.0000        0.0000
00004/KRW/260127-310127/3.3     598,823,931.40    576,948,270.23     -642,697.59  -21,232,963.58          0.00        0.0000        0.0000
00003/KRW/260129-310129/3.2   1,577,684,334.60  1,523,022,770.89   -1,598,503.78  -53,063,059.93          0.00        0.0000        0.0000
00000/KRW/260204-270204/2.8      42,821,687.38     38,957,827.97     -555,023.36   -3,308,836.05          0.00        0.0000        0.0000
00000/KRW/260212-290215/3.2    -322,794,054.22   -306,486,903.66      684,927.44   15,622,223.12          0.00        0.0000        0.0000
00000/KRW/260212-280214/3.0    -280,117,874.14   -265,882,713.81    1,003,792.79   13,231,367.54          0.00        0.0000        0.0000
00000/KRW/260225-270225/2.9     212,348,910.66    193,857,601.40   -2,696,042.86  -15,795,266.39          0.00        0.0000        0.0000
00003/KRW/260226-280228/3.1    -291,727,573.82   -276,897,839.68    1,019,358.27   13,810,375.87          0.00        0.0000        0.0000
00000/KRW/260303-280303/2.9    -283,309,465.84   -271,322,236.39      814,199.18   11,173,030.27          0.00        0.0000        0.0000
00000/KRW/260306-280306/3.1     -93,250,538.60    -88,204,728.78      343,055.64    4,702,754.18          0.00        0.0000        0.0000
00000/KRW/260309-310310/3.4    -998,158,781.15   -955,996,374.79    1,248,290.29   40,914,116.07          0.00        0.0000        0.0000
00000/KRW/260311-290312/3.3     272,801,904.88    256,242,357.96     -699,675.74  -15,859,871.18          0.00        0.0000        0.0000
00000/KRW/260311-270311/2.9     -87,208,038.31    -79,648,016.20    1,111,345.34    6,448,676.76          0.00        0.0000        0.0000
00001/KRW/260311-270311/2.9     -51,221,178.92    -46,684,998.83      666,907.96    3,869,272.13          0.00        0.0000        0.0000
00000/KRW/260313-290313/3.3   1,321,780,051.98  1,238,911,899.46   -3,505,444.83  -79,362,707.69          0.00        0.0000        0.0000
00000/KRW/170414-270414/1.8     131,514,936.04    129,807,476.66     -243,890.43   -1,463,568.95          0.00        0.0000        0.0000
00000/KRW/181025-281025/2.1     389,995,330.92    382,501,801.03     -299,577.76   -7,193,952.14          0.00        0.0000        0.0000
00002/KRW/230222-280222/3.5     -19,313,167.68    -14,432,763.55      345,402.30    4,535,001.84          0.00        0.0000        0.0000
00002/KRW/230307-280307/3.5      25,463,317.13     20,382,005.17     -350,467.65   -4,730,844.32          0.00        0.0000        0.0000
00000/KRW/230428-260430/3.1               0.00              0.00            0.00            0.00          0.00        0.0000        0.0000
00001/KRW/230510-280510/3.1    -117,793,059.07   -111,772,848.90      365,333.26    5,654,876.91          0.00        0.0000        0.0000
00000/KRW/230905-260907/3.6     -59,203,302.27    -59,207,989.35       -4,687.09            0.00          0.00        0.0000        0.0000
00001/KRW/240411-260413/3.4               0.00              0.00            0.00            0.00          0.00        0.0000        0.0000
00000/KRW/250307-270308/2.5      44,224,339.45     42,735,557.25     -216,624.36   -1,272,157.84          0.00        0.0000        0.0000
00001/KRW/250307-270308/2.5      44,041,030.47     42,552,220.86     -216,641.06   -1,272,168.54          0.00        0.0000        0.0000
00000/KRW/250619-300619/2.5    -548,338,387.09   -538,317,797.30      302,200.44    9,718,389.35          0.00        0.0000        0.0000
00000/KRW/250728-280728/2.4     583,534,120.38    569,481,571.23     -590,363.95  -13,462,185.19          0.00        0.0000        0.0000
00002/KRW/250826-270826/2.3    -134,954,449.10   -132,299,262.70      301,698.36    2,353,488.05          0.00        0.0000        0.0000
00000/KRW/250829-260831/2.3      57,124,979.13     57,129,501.68        4,522.55            0.00          0.00        0.0000        0.0000
00000/KRW/250910-270910/2.3     709,085,887.49    694,992,539.56   -1,556,758.22  -12,536,589.71          0.00        0.0000        0.0000
00000/KRW/250930-280929/2.5     576,986,509.93    562,198,064.53     -613,377.83  -14,175,067.57          0.00        0.0000        0.0000
00001/KRW/251022-270422/2.5     336,648,811.57    327,879,794.97   -1,219,933.95   -7,549,082.65          0.00        0.0000        0.0000
00000/KRW/251030-261030/2.5     155,960,918.24    154,095,823.90     -845,789.24   -1,019,305.09          0.00        0.0000        0.0000
00000/KRW/251030-270430/2.5     192,652,814.98    187,240,815.30     -755,269.64   -4,656,730.04          0.00        0.0000        0.0000
00000/KRW/251031-270430/2.6      35,791,175.45     34,722,950.62     -149,237.93     -918,986.90          0.00        0.0000        0.0000
00000/KRW/251107-260507/2.6               0.00              0.00            0.00            0.00          0.00        0.0000        0.0000
00000/KRW/251121-270521/2.7    -103,169,193.72    -99,296,515.68      545,082.90    3,327,595.14          0.00        0.0000        0.0000
00001/KRW/251126-270526/2.7    -109,086,855.98   -105,153,052.72      553,863.80    3,379,939.46          0.00        0.0000        0.0000
00000/KRW/251127-271129/2.7    -349,860,122.31   -338,513,217.34    1,105,687.67   10,241,217.30          0.00        0.0000        0.0000
00000/KRW/251208-271208/2.9    -206,980,206.99   -199,176,701.00      752,102.38    7,051,403.60          0.00        0.0000        0.0000
00000/KRW/251209-271209/2.9    -314,943,124.07   -303,199,792.10    1,129,790.05   10,613,541.91          0.00        0.0000        0.0000
00000/KRW/251210-301210/3.1    -712,213,751.80   -690,712,054.43      628,091.81   20,873,605.56          0.00        0.0000        0.0000
00001/KRW/251211-261211/2.8     -41,658,704.32    -38,380,486.32      714,036.63    2,564,181.37          0.00        0.0000        0.0000
00001/KRW/251212-261214/2.8     -51,278,669.26    -47,794,238.86      733,829.39    2,750,601.02          0.00        0.0000        0.0000
00000/KRW/251219-260619/2.7               0.00              0.00            0.00            0.00          0.00        0.0000        0.0000
00001/KRW/251219-271220/2.9    -218,599,463.55   -210,484,448.13      767,302.47    7,347,712.95          0.00        0.0000        0.0000
00000/KRW/251224-271224/2.9    -105,028,388.81   -100,916,750.93      386,803.30    3,724,834.58          0.00        0.0000        0.0000
00001/KRW/251224-271224/2.9    -545,136,110.30   -524,583,456.13    1,931,949.73   18,620,704.44          0.00        0.0000        0.0000
00002/KRW/251224-271224/2.9    -327,081,666.18   -314,750,073.68    1,159,169.84   11,172,422.67          0.00        0.0000        0.0000
00001/KRW/260106-310106/3.1    -701,264,409.80   -679,578,277.42      633,081.00   21,053,051.38          0.00        0.0000        0.0000
00002/KRW/260106-270106/2.7    -154,857,394.60   -146,477,826.41    1,418,720.09    6,960,848.10          0.00        0.0000        0.0000
00000/KRW/260107-270107/2.7    -194,118,758.34   -183,477,648.82    1,786,952.08    8,854,157.45          0.00        0.0000        0.0000
00000/KRW/260109-310109/3.1    -748,268,339.12   -726,598,554.96      628,294.25   21,041,489.92          0.00        0.0000        0.0000
00004/KRW/260113-270113/2.7      50,883,487.92     47,612,796.75     -331,270.55   -2,939,420.62          0.00        0.0000        0.0000
00003/KRW/260116-270118/2.8     267,406,882.20    243,830,062.00   -3,335,056.14  -20,241,764.06          0.00        0.0000        0.0000
00000/KRW/260120-270120/2.8    -138,802,765.60   -128,437,670.26    1,467,624.22    8,897,471.11          0.00        0.0000        0.0000
00000/KRW/260120-360121/3.4  -1,051,852,541.30 -1,030,798,594.07      605,371.01   20,448,576.22          0.00        0.0000        0.0000
00001/KRW/260121-270121/2.8     -43,905,514.17    -40,311,575.07      509,660.83    3,084,278.27          0.00        0.0000        0.0000
00001/KRW/260127-290129/3.1     175,529,964.71    167,461,718.17     -337,857.48   -7,730,389.06          0.00        0.0000        0.0000
00000/KRW/260205-290205/3.3    -138,547,627.17   -130,429,169.05      343,118.89    7,775,339.23          0.00        0.0000        0.0000
00001/KRW/260206-280207/3.1      83,681,903.52     79,032,398.37     -332,784.76   -4,316,720.39          0.00        0.0000        0.0000
00000/KRW/260210-280210/3.1     -79,782,857.45    -75,090,230.58      334,374.08    4,358,252.79          0.00        0.0000        0.0000
00000/KRW/260211-270211/2.9     -37,784,520.86    -33,785,179.55      578,065.89    3,421,275.42          0.00        0.0000        0.0000
00004/KRW/260212-280214/3.1    -185,036,721.60   -175,546,122.30      669,369.48    8,821,229.81          0.00        0.0000        0.0000
00001/KRW/260213-280214/3.0     -98,746,219.80    -94,002,909.34      334,078.56    4,409,231.89          0.00        0.0000        0.0000
00000/KRW/260219-360219/3.4    -548,403,815.47   -537,981,281.61      301,344.49   10,121,189.37          0.00        0.0000        0.0000
00003/KRW/260223-290223/3.1    -354,121,266.28   -337,756,649.47      684,489.99   15,680,126.81          0.00        0.0000        0.0000
00004/KRW/260223-290223/3.1    -177,060,633.14   -168,878,324.74      342,245.00    7,840,063.41          0.00        0.0000        0.0000
00000/KRW/260225-360225/3.4  -1,108,777,883.64 -1,087,978,683.81      601,891.89   20,197,307.94          0.00        0.0000        0.0000
00003/KRW/260227-280229/3.0    -219,006,102.58   -209,098,222.20      677,926.25    9,229,954.12          0.00        0.0000        0.0000
00000/KRW/260303-270303/2.8     210,155,961.27    195,554,113.74   -2,133,883.49  -12,467,964.03          0.00        0.0000        0.0000
00001/KRW/260303-270903/2.9     314,470,716.70    300,679,697.54   -1,571,497.88  -12,219,521.28          0.00        0.0000        0.0000
00001/KRW/260303-280303/3.0     271,109,314.71    259,118,355.63     -815,461.73  -11,175,497.35          0.00        0.0000        0.0000
00000/KRW/260309-360310/3.5   1,016,089,979.33    995,269,114.30     -613,669.01  -20,207,196.02          0.00        0.0000        0.0000
00000/KRW/260309-360310/3.5     502,008,698.93    491,591,920.63     -307,520.01  -10,109,258.29          0.00        0.0000        0.0000
00000/KRW/260310-310310/3.6    -364,621,163.18   -342,306,321.61      675,016.98   21,639,824.59          0.00        0.0000        0.0000
00000/KRW/260313-290313/3.4     128,274,562.16    119,985,750.60     -350,967.73   -7,937,843.83          0.00        0.0000        0.0000
00002/KRW/260313-290313/3.3     134,780,300.55    126,494,816.17     -350,262.32   -7,935,222.06          0.00        0.0000        0.0000
00001/KRW/230111-280111/3.3      54,765,484.62     50,396,209.21     -404,303.04   -3,964,972.37          0.00        0.0000        0.0000
00000/KRW/230307-280307/3.5      59,395,464.13     49,235,460.38     -700,056.21   -9,459,947.54          0.00        0.0000        0.0000
00000/KRW/230322-280322/3.0     329,426,714.66    313,599,601.54   -1,043,118.74  -14,783,994.38          0.00        0.0000        0.0000
00000/KRW/230412-280413/3.0    -242,869,065.97   -231,664,117.26      709,564.24   10,495,384.47          0.00        0.0000        0.0000
00000/KRW/240405-290405/3.2     167,434,746.96    159,065,976.70     -350,943.23   -8,017,827.04          0.00        0.0000        0.0000
00000/KRW/241017-291017/2.8     342,183,998.41    333,104,309.04     -305,983.12   -8,773,706.25          0.00        0.0000        0.0000
00001/KRW/250307-270308/2.6      43,857,721.49     42,368,884.48     -216,657.77   -1,272,179.24          0.00        0.0000        0.0000
00001/KRW/250307-270308/2.5      88,448,678.90     85,471,114.50     -433,248.71   -2,544,315.69          0.00        0.0000        0.0000
00004/KRW/250528-260528/2.3               0.00              0.00            0.00            0.00          0.00        0.0000        0.0000
00000/KRW/250604-270604/2.3    -202,311,038.89   -198,282,274.93      561,777.59    3,466,986.36          0.00        0.0000        0.0000
00000/KRW/250611-270611/2.3    -200,640,290.96   -196,524,674.26      574,910.16    3,540,706.53          0.00        0.0000        0.0000
00000/KRW/250711-280711/2.3    -838,334,787.72   -817,611,657.09      924,755.25   19,798,375.38          0.00        0.0000        0.0000
00001/KRW/250826-270826/2.3    -269,908,898.20   -264,598,525.40      603,396.71    4,706,976.09          0.00        0.0000        0.0000
00000/KRW/250827-260527/2.3               0.00              0.00            0.00            0.00          0.00        0.0000        0.0000
00000/KRW/251030-260430/2.5               0.00              0.00            0.00            0.00          0.00        0.0000        0.0000
00001/KRW/251212-261214/2.8     -30,025,830.58    -27,935,088.02      440,361.75    1,650,380.82          0.00        0.0000        0.0000
00000/KRW/251217-260617/2.7               0.00              0.00            0.00            0.00          0.00        0.0000        0.0000
00000/KRW/251222-271222/2.9    -308,328,748.65   -296,071,180.27    1,157,062.24   11,100,506.14          0.00        0.0000        0.0000
00001/KRW/260106-310106/3.1    -352,689,092.54   -341,847,586.26      316,310.39   10,525,195.89          0.00        0.0000        0.0000
00000/KRW/260112-280112/2.9     279,841,931.23    269,366,353.28     -956,401.86   -9,519,176.08          0.00        0.0000        0.0000
00000/KRW/260113-290115/3.0     423,346,221.35    407,497,717.85     -536,520.54  -15,311,982.96          0.00        0.0000        0.0000
00004/KRW/260114-270114/2.7      87,167,527.06     78,641,333.41     -484,442.53   -4,925,312.77  3,116,438.36-3,116,438.3562        0.0000
00000/KRW/260115-360115/3.3   1,222,083,423.69  1,200,930,640.17     -849,549.60  -20,303,233.92          0.00        0.0000        0.0000
00000/KRW/260116-290116/3.1    -503,407,379.28   -479,375,733.32    1,009,127.54   23,022,518.42          0.00        0.0000        0.0000
00000/KRW/260119-360121/3.4    -574,350,663.32   -563,873,887.71      297,163.03   10,179,612.58          0.00        0.0000        0.0000
00000/KRW/260120-310120/3.3     994,274,061.52    954,024,192.21   -1,192,468.30  -39,057,401.00          0.00        0.0000        0.0000
00002/KRW/260121-310121/3.3     775,583,289.22    742,735,992.13     -976,184.39  -31,871,112.69          0.00        0.0000        0.0000
00000/KRW/260122-280124/3.0    -376,774,396.72   -358,961,312.40    1,304,401.60   16,508,682.72          0.00        0.0000        0.0000
00000/KRW/260126-310127/3.3     561,595,169.83    539,692,360.67     -646,636.20  -21,256,172.97          0.00        0.0000        0.0000
00005/KRW/260127-310127/3.3     898,235,897.10    865,422,405.34     -964,046.39  -31,849,445.37          0.00        0.0000        0.0000
00000/KRW/260130-270129/2.8     -78,584,683.13    -72,339,110.89      891,989.59    5,353,582.66          0.00        0.0000        0.0000
00000/KRW/260130-260731/2.7       8,427,007.25      8,427,674.41          667.16            0.00          0.00        0.0000        0.0000
00000/KRW/260212-270212/2.9     -67,671,692.69    -60,974,661.05      968,400.92    5,728,630.72          0.00        0.0000        0.0000
00002/KRW/260220-290220/3.2    -171,694,274.25   -163,522,812.11      342,327.77    7,829,134.37          0.00        0.0000        0.0000
00002/KRW/260306-290306/3.3     153,464,145.80    145,219,772.31     -346,926.60   -7,897,446.88          0.00        0.0000        0.0000
00000/KRW/260312-270913/3.0     104,558,838.82     98,814,255.83     -644,613.72   -5,099,969.28          0.00        0.0000        0.0000
00002/KRW/260313-290313/3.3     272,162,896.46    255,593,258.57     -700,242.47  -15,869,395.42          0.00        0.0000        0.0000
00000/KRW/260313-360313/3.5     924,832,244.78    903,928,439.99     -624,636.22  -20,279,168.56          0.00        0.0000        0.0000
00000/KRW/260313-360313/3.5     458,398,755.45    447,942,619.51     -312,774.94  -10,143,361.00          0.00        0.0000        0.0000
00000/KRW/260316-310317/3.5    -827,919,319.69   -786,674,928.22    1,233,484.91   40,010,906.57          0.00        0.0000        0.0000
00001/KRW/260319-310319/3.5     217,527,897.08    206,369,395.88     -334,275.09  -10,824,226.10          0.00        0.0000        0.0000
00000/KRW/260319-270319/3.0     -99,745,355.37    -88,798,823.86    1,617,866.69    9,328,664.82          0.00        0.0000        0.0000
00000/KRW/260323-290323/3.4     110,524,071.95    102,182,130.06     -354,683.42   -7,987,258.47          0.00        0.0000        0.0000
00001/KRW/170502-270503/1.8    -133,057,528.92   -131,246,021.82      248,202.80    1,563,304.30          0.00        0.0000        0.0000
00000/KRW/170705-270705/1.9     146,609,044.42    144,412,594.56     -305,107.81   -1,891,342.05          0.00        0.0000        0.0000
00000/KRW/230420-280420/3.1     -92,422,508.18    -86,705,671.40      360,007.34    5,356,829.43          0.00        0.0000        0.0000
00000/KRW/230424-260424/3.2               0.00              0.00            0.00            0.00          0.00        0.0000        0.0000
00001/KRW/230510-280510/3.1    -117,309,596.70   -111,289,224.29      365,383.38    5,654,989.03          0.00        0.0000        0.0000
00000/KRW/230614-260615/3.4               0.00              0.00            0.00            0.00          0.00        0.0000        0.0000
00000/KRW/240329-260331/3.3               0.00              0.00            0.00            0.00          0.00        0.0000        0.0000
00001/KRW/240329-260331/3.3               0.00              0.00            0.00            0.00          0.00        0.0000        0.0000
00000/KRW/241126-260526/2.9               0.00              0.00            0.00            0.00          0.00        0.0000        0.0000
00000/KRW/241212-291212/2.5     467,253,776.27    457,982,227.59     -297,445.16   -8,974,103.51          0.00        0.0000        0.0000
00002/KRW/250307-270308/2.5      88,448,678.90     85,471,114.50     -433,248.71   -2,544,315.69          0.00        0.0000        0.0000
00000/KRW/250311-270311/2.5      94,847,875.92     91,832,931.58     -439,063.68   -2,575,880.66          0.00        0.0000        0.0000
00000/KRW/250328-260330/2.6               0.00              0.00            0.00            0.00          0.00        0.0000        0.0000
00000/KRW/250418-260420/2.4               0.00              0.00            0.00            0.00          0.00        0.0000        0.0000
00000/KRW/250424-280424/2.2     542,952,816.23    531,510,740.12     -686,452.01  -10,755,624.10          0.00        0.0000        0.0000
00001/KRW/250425-270426/2.2     -91,277,355.57    -89,502,557.29      245,522.88    1,529,275.40          0.00        0.0000        0.0000
00002/KRW/250430-261030/2.3     -28,974,426.25    -28,789,137.97       83,445.72      101,842.55          0.00        0.0000        0.0000
00000/KRW/250527-260527/2.4               0.00              0.00            0.00            0.00          0.00        0.0000        0.0000
00000/KRW/250718-270719/2.3     178,999,227.86    175,606,649.99     -415,481.18   -2,977,096.69          0.00        0.0000        0.0000
00000/KRW/250820-270222/2.3     172,110,157.25    167,917,672.79     -601,490.67   -3,590,993.79          0.00        0.0000        0.0000
00000/KRW/250825-350827/2.6   1,133,147,927.04  1,122,847,255.19     -233,638.73  -10,067,033.11          0.00        0.0000        0.0000
00000/KRW/250828-280828/2.3     623,949,159.67    609,546,631.17     -596,939.46  -13,805,589.04          0.00        0.0000        0.0000
00000/KRW/250919-280919/2.3    -313,837,586.75   -306,510,792.51      302,172.94    7,024,621.30          0.00        0.0000        0.0000
00000/KRW/250925-270927/2.4     549,212,855.00    537,164,620.28   -1,293,785.84  -10,754,448.88          0.00        0.0000        0.0000
00000/KRW/251020-270420/2.4    -217,889,192.08   -212,667,360.88      724,893.81    4,496,937.39          0.00        0.0000        0.0000
00003/KRW/251031-261030/2.5     143,926,793.13    142,061,084.28     -846,587.38   -1,019,121.47          0.00        0.0000        0.0000
00000/KRW/251107-260507/2.6               0.00              0.00            0.00            0.00          0.00        0.0000        0.0000
00000/KRW/251126-270526/2.7     -56,015,863.48    -54,049,220.45      276,792.77    1,689,850.25          0.00        0.0000        0.0000
00000/KRW/251126-270526/2.7    -167,311,372.69   -161,411,314.31      830,447.88    5,069,610.50          0.00        0.0000        0.0000
00000/KRW/251202-270602/2.8     -43,054,286.57    -41,041,821.53      284,552.16    1,727,912.88          0.00        0.0000        0.0000
00000/KRW/251205-261207/2.7     -54,228,786.53    -51,219,104.55      685,677.16    2,324,004.82          0.00        0.0000        0.0000
00002/KRW/251208-261208/2.7     -56,968,792.00    -53,893,175.30      692,334.79    2,383,281.92          0.00        0.0000        0.0000
00000/KRW/251210-270610/2.8    -198,186,861.96   -189,942,667.18    1,165,597.86    7,078,596.92          0.00        0.0000        0.0000
00000/KRW/251217-270617/2.8    -161,482,387.42   -155,171,291.12      892,502.81    5,418,593.49          0.00        0.0000        0.0000
00001/KRW/251217-271217/2.9    -478,493,640.22   -460,409,083.57    1,718,632.85   16,365,923.80          0.00        0.0000        0.0000
00001/KRW/260107-270107/2.7     -97,059,379.17    -91,738,824.41      893,476.04    4,427,078.73          0.00        0.0000        0.0000
00000/KRW/260107-270107/2.7     -92,100,068.49    -86,778,857.22      893,913.29    4,427,297.98          0.00        0.0000        0.0000
00003/KRW/260109-290109/3.0     432,160,282.56    416,244,191.28     -663,060.18  -15,253,031.10          0.00        0.0000        0.0000
00002/KRW/260109-280110/2.8     236,686,536.61    228,012,698.80     -793,916.93   -7,879,920.88          0.00        0.0000        0.0000
00000/KRW/260112-310113/3.1    -361,776,914.77   -350,920,194.18      315,719.12   10,541,001.48          0.00        0.0000        0.0000
00000/KRW/260113-360114/3.3     667,449,155.98    657,100,630.48     -223,533.85  -10,124,991.64          0.00        0.0000        0.0000
00001/KRW/260113-290115/3.0   1,046,439,145.51  1,006,811,934.02   -1,342,591.17  -38,284,620.32          0.00        0.0000        0.0000
00001/KRW/260113-290115/3.0     332,952,301.30    320,270,641.19     -429,835.54  -12,251,824.57          0.00        0.0000        0.0000
00000/KRW/260116-290116/3.1    -171,733,430.16   -163,724,695.29      335,962.54    7,672,772.34          0.00        0.0000        0.0000
00000/KRW/260122-310127/3.4     255,216,162.43    244,246,293.41     -326,062.01  -10,643,807.01          0.00        0.0000        0.0000
00000/KRW/260129-360131/3.4    -579,344,377.46   -568,900,644.09      297,018.88   10,146,714.49          0.00        0.0000        0.0000
00001/KRW/260204-280204/3.1    -429,821,700.52   -406,786,198.21    1,656,723.80   21,378,778.51          0.00        0.0000        0.0000
00000/KRW/260204-290205/3.2    -146,452,775.08   -138,338,061.63      342,249.72    7,772,463.73          0.00        0.0000        0.0000
00000/KRW/260205-270205/2.8      43,878,020.94     39,995,039.89     -558,158.76   -3,324,822.29          0.00        0.0000        0.0000
00004/KRW/260206-280207/3.1      83,681,903.52     79,032,398.37     -332,784.76   -4,316,720.39          0.00        0.0000        0.0000
00000/KRW/260303-310304/3.2     353,270,073.30    342,262,053.07     -318,010.51  -10,690,009.72          0.00        0.0000        0.0000
00000/KRW/260306-270308/2.9     -49,735,247.29    -45,256,545.53      657,435.75    3,821,266.01          0.00        0.0000        0.0000
00000/KRW/260306-280306/3.1    -277,218,878.44   -262,080,666.30    1,029,429.90   14,108,782.24          0.00        0.0000        0.0000
00002/KRW/260306-280306/3.1     174,681,636.22    164,586,364.04     -687,338.52   -9,407,933.66          0.00        0.0000        0.0000
00003/KRW/260313-290313/3.3     136,081,448.23    127,796,629.29     -350,121.24   -7,934,697.71          0.00        0.0000        0.0000
00000/KRW/260319-290319/3.4     256,856,857.27    240,226,447.94     -704,050.23  -15,926,359.10          0.00        0.0000        0.0000
00000/KRW/260319-310319/3.5     217,527,897.08    206,369,395.88     -334,275.09  -10,824,226.10          0.00        0.0000        0.0000
00000/KRW/260320-290320/3.4    -230,268,439.20   -213,615,199.13      707,376.49   15,945,863.58          0.00        0.0000        0.0000
00000/KRW/160905-260907/1.3     -38,269,990.05    -38,273,019.86       -3,029.81            0.00          0.00        0.0000        0.0000
00000/KRW/170413-270413/1.8     105,099,824.28    103,455,577.21     -185,597.23   -1,458,649.84          0.00        0.0000        0.0000
00000/KRW/170705-270705/1.9     146,120,118.49    143,923,569.40     -305,155.68   -1,891,393.41          0.00        0.0000        0.0000
00000/KRW/170811-270811/1.9    -345,181,712.61   -340,206,699.93      575,486.91    4,399,525.77          0.00        0.0000        0.0000
00000/KRW/230303-280303/3.7      -4,693,198.90     -9,725,520.00     -352,011.81   -4,680,309.29          0.00        0.0000        0.0000
00000/KRW/230803-280803/3.5     -40,385,150.25    -33,226,740.22      322,419.68    6,835,990.36          0.00        0.0000        0.0000
00000/KRW/231024-261026/4.0     116,263,787.67    116,581,957.21      170,401.18      147,768.37          0.00        0.0000        0.0000
00001/KRW/231127-261127/3.6      36,561,710.84     37,042,984.41      127,500.51      353,773.05          0.00        0.0000        0.0000
00000/KRW/241226-261228/2.7     -16,785,321.52    -15,882,404.32      165,314.20      737,603.00          0.00        0.0000        0.0000
00001/KRW/250411-270412/2.3     -69,175,914.46    -67,531,686.74      187,952.12    1,456,275.60          0.00        0.0000        0.0000
00002/KRW/250512-261112/2.2     -75,643,491.60    -74,881,179.70      250,455.10      511,856.81          0.00        0.0000        0.0000
00001/KRW/250910-260910/2.3     128,429,490.04    128,439,657.71       10,167.68            0.00          0.00        0.0000        0.0000
00000/KRW/250926-260326/2.5               0.00              0.00            0.00            0.00          0.00        0.0000        0.0000
00001/KRW/251017-271018/2.4     144,283,534.42    141,026,413.65     -337,122.29   -2,919,998.48          0.00        0.0000        0.0000
00000/KRW/251022-270422/2.5     134,659,524.63    131,151,917.99     -487,973.58   -3,019,633.06          0.00        0.0000        0.0000
00000/KRW/251105-270506/2.6     301,592,730.45    292,383,405.93   -1,288,693.01   -7,920,631.50          0.00        0.0000        0.0000
00000/KRW/251106-270506/2.6     306,122,957.59    296,914,672.13   -1,288,268.40   -7,920,017.05          0.00        0.0000        0.0000
00000/KRW/251118-271118/2.8    -314,511,325.93   -303,574,193.25    1,086,704.71    9,850,427.97          0.00        0.0000        0.0000
00001/KRW/251119-281120/2.9    -221,042,892.76   -213,340,121.72      321,937.82    7,380,833.21          0.00        0.0000        0.0000
00001/KRW/251126-270526/2.7    -112,031,726.96   -108,098,440.91      553,585.54    3,379,700.51          0.00        0.0000        0.0000
00000/KRW/251201-261201/2.8     -21,622,413.32    -20,045,682.49      387,708.56    1,189,022.26          0.00        0.0000        0.0000
00000/KRW/251203-261203/2.8     -39,740,662.00    -36,987,671.88      659,532.03    2,093,458.09          0.00        0.0000        0.0000
00000/KRW/251218-260618/2.7               0.00              0.00            0.00            0.00          0.00        0.0000        0.0000
00000/KRW/260106-260706/2.7               0.00              0.00            0.00            0.00          0.00        0.0000        0.0000
00000/KRW/260115-261015/2.7     -70,980,531.50    -69,270,892.79    1,709,665.82          -27.11          0.00        0.0000        0.0000
00000/KRW/260115-290115/3.0    -191,978,700.52   -183,863,332.23      465,510.20    7,649,858.09          0.00        0.0000        0.0000
00000/KRW/260116-360116/3.4     561,410,706.89    550,906,042.60     -298,569.27  -10,206,095.02          0.00        0.0000        0.0000
00000/KRW/260119-261019/2.7      -8,738,038.93     -8,540,104.42      140,693.34       57,241.18          0.00        0.0000        0.0000
00000/KRW/260119-270119/2.8     113,108,448.03    104,813,667.79   -1,173,150.61   -7,121,629.64          0.00        0.0000        0.0000
00001/KRW/260119-270119/2.8      80,791,748.60     74,866,905.56     -837,964.72   -5,086,878.31          0.00        0.0000        0.0000
00000/KRW/260120-270120/2.8     -47,304,626.46    -43,730,387.17      506,126.05    3,068,113.24          0.00        0.0000        0.0000
00000/KRW/260123-310127/3.3     297,132,352.47    286,192,916.23     -321,532.30  -10,617,903.95          0.00        0.0000        0.0000
00001/KRW/260123-310127/3.3     297,132,352.47    286,192,916.23     -321,532.30  -10,617,903.95          0.00        0.0000        0.0000
00000/KRW/260126-270126/2.8     -72,558,272.35    -66,777,164.31      823,467.92    4,957,640.12          0.00        0.0000        0.0000
00000/KRW/260129-360131/3.4  -1,162,732,113.70 -1,141,848,837.26      593,582.18   20,289,694.27          0.00        0.0000        0.0000
00001/KRW/260209-280209/3.1     176,956,433.08    167,604,092.34     -666,159.94   -8,686,180.80          0.00        0.0000        0.0000
00000/KRW/260213-280214/3.0    -296,238,659.39   -282,008,728.03    1,002,235.69   13,227,695.67          0.00        0.0000        0.0000
00000/KRW/260225-280225/3.1     -96,325,223.18    -91,424,812.45      338,686.47    4,561,724.26          0.00        0.0000        0.0000
00002/KRW/260305-280306/3.1     439,364,104.87    414,126,653.99   -1,717,928.93  -23,519,521.94          0.00        0.0000        0.0000
00001/KRW/260306-280306/3.1     256,956,979.63    241,812,505.99   -1,031,533.75  -14,112,939.90          0.00        0.0000        0.0000
00000/KRW/260312-270913/3.0     155,923,966.00    147,306,886.43     -967,011.38   -7,650,068.19          0.00        0.0000        0.0000
00000/KRW/260313-290313/3.3     138,683,743.59    130,400,255.51     -349,839.07   -7,933,649.00          0.00        0.0000        0.0000
00000/KRW/260316-360317/3.5     881,656,059.94    860,731,065.76     -629,625.88  -20,295,368.30          0.00        0.0000        0.0000
00000/KRW/260318-290319/3.4     129,979,308.88    121,665,164.67     -351,829.21   -7,962,315.01          0.00        0.0000        0.0000
00000/KRW/260318-270318/3.0      13,584,465.45     12,027,000.59     -230,107.06   -1,327,357.80          0.00        0.0000        0.0000
00000/KRW/260318-360318/3.6     201,675,321.54    196,425,512.62     -159,588.32   -5,090,220.59          0.00        0.0000        0.0000
00001/KRW/260319-290319/3.4     898,999,000.45    840,792,567.79   -2,464,175.81  -55,742,256.86          0.00        0.0000        0.0000
00000/KRW/260324-280324/3.6      24,284,105.55     18,950,878.51     -357,485.08   -4,975,741.96          0.00        0.0000        0.0000
00000/KRW/260324-280324/3.6      36,732,894.10     26,062,584.12     -716,213.83   -9,954,096.15          0.00        0.0000        0.0000
00000/KRW/260324-280324/3.6      31,660,615.38     20,988,652.87     -716,746.84   -9,955,215.68          0.00        0.0000        0.0000
SYN-5M                             -454,928.25        241,479.97      147,276.60      549,131.62          0.00        0.0000        0.0000
SYN-6M                           -4,212,472.93     -3,061,208.97      186,834.45      964,429.51          0.00        0.0000        0.0000
SYN-9M                          -19,606,056.65    -17,883,174.60      257,193.07    1,465,688.98          0.00        0.0000        0.0000
SYN-1Y                          -41,846,862.92    -39,573,460.20      323,605.16    1,949,797.57          0.00        0.0000        0.0000
SYN-7Y                         -647,648,555.28   -635,770,274.96      292,613.77   11,585,666.56          0.00        0.0000        0.0000
SYN-PREFIX                     -158,288,128.29   -151,243,176.87      290,054.79    6,754,896.64          0.00        0.0000        0.0000
국고채권 02625-3003(25-3)         6,739,457,581.46  6,740,289,434.38      730,572.71            None          0.00  101,280.2076  101,280.2076
국고채권 02625-3003(25-3)         9,627,796,544.95  9,628,984,906.26    1,043,675.30            None          0.00  144,686.0109  144,686.0109
국고채권 02625-3003(25-3)         9,627,796,544.95  9,628,984,906.26    1,043,675.30            None          0.00  144,686.0109  144,686.0109
국고채권 02625-3003(25-3)         9,627,796,544.95  9,628,984,906.26    1,043,675.30            None          0.00  144,686.0109  144,686.0109
국고채권 02625-3003(25-3)         9,627,796,544.95  9,628,984,906.26    1,043,675.30            None          0.00  144,686.0109  144,686.0109
국고채권 02625-3003(25-3)        14,441,694,817.42 14,443,477,359.39    1,565,512.95            None          0.00  217,029.0163  217,029.0163
국고채권 02625-3003(25-3)         2,888,338,963.48  2,888,695,471.88      313,102.59            None          0.00   43,405.8033   43,405.8033
국고채권 02625-3003(25-3)         6,739,457,581.46  6,740,289,434.38      730,572.71            None          0.00  101,280.2076  101,280.2076

bonds: 273 total, 0 degraded (analytic fallback)

worst |resid_cash| (identity incl. realized cash):
  국민은행4602할인일1-12                              1,248,245.8496
  수산금융채권(은행) 25-9이18-15                          949,657.4325
  국민은행4509이표일(03)1.5-30                          755,266.1092
  하나은행48-09이1.5갑-25                              740,841.3009
  하나은행48-09이1.5갑-23                              735,062.6114
  하나은행48-09이1.5갑-23                              735,062.6114
  국민은행4509이표일(03)1.5-17                          717,962.0287
  산업금융채권 26변이0100-0309-1M                        695,869.7781
  중소기업은행(변) 2603이1A-06                           692,931.7876
  신한은행29-06-이-1.5-B                              651,649.2209

aggregate:
  sum ΔNPV (priceable rows)        = 1,089,932.95
  sum realized cash                = 58,215,068.49
  sum theta (all legs)             = 289,782,515.94
  sum mtm (known legs)             = -274,297,286.38  (273 legs mtm=None)
  reported daily_pnl.total         = 15,485,229.56
  reported daily_pnl.theta         = 289,782,515.94
  reported daily_pnl.mtm           = -274297286.3795854
  reported mtm_complete            = False
  aggregate resid (ΔNPV+cash − (mtm+theta known)) = 43,819,771.8824

full dump -> C:\Users\infomax\Desktop\Assistant\Projects_AS\Rates Portfolio\IRS Pricer_Mock\scripts\s11_identity_diag.json
